9.829878077016758 1.0 1.0 1.0 1.0 1.0 1.0 1.0 
9.829878077016758 1.0 1.0 1.0 1.0 1.0 1.0 1.0 
9.829878077016758 1.0 1.0 1.0 1.0 1.0 1.0 1.0 
9.829878077016758 2.0 1.0 1.0 1.0 1.0 1.0 1.0 
9.829878077016758 3.0 1.0 1.0 1.0 1.0 1.0 1.0 
9.829878077016758 1.0 1.0 1.0 1.0 1.0 1.0 1.0 
9.829878077016758 1.0 1.0 1.0 1.0 1.0 1.0 1.0 
9.138678077016758 1.0 1.0 1.0 1.0 1.0 1.0 1.0 
9.138678077016758 1.0 1.0 1.0 1.0 1.0 1.0 1.0 
8.352628221720645 1.0 1.0 1.0 1.0 1.0 1.0 1.0 
7.5292463250913215 1.0 1.0 1.0 1.0 1.0 1.0 1.0 
6.677601117257348 1.0 1.0 1.0 1.0 1.0 1.0 1.0 
4.938975999999999 1.0 1.0 1.0 1.0 1.0 1.0 1.0 
1.0 1.0 1.0 1.0 1.0 1.0 1.0 1.0 
1.0 1.0 1.0 1.0 1.0 1.0 1.0 1.0 
1.0 1.0 1.0 1.0 1.0 1.0 1.0 1.0 
1.0 1.0 1.0 1.0 1.0 1.0 1.0 1.0 
1.0 1.0 1.0 1.0 1.0 1.0 1.0 1.0 
1.0 1.0 1.0 1.0 1.0 1.0 1.0 1.0 
1.0 1.0 1.0 1.0 1.0 1.0 1.0 1.0 
1.0 1.0 1.0 1.0 1.0 1.0 1.0 1.0 
1.0 1.0 1.0 1.0 1.0 1.0 1.0 1.0 
1.0 1.0 1.0 1.0 1.0 1.0 1.0 1.0 
1.0 1.0 1.0 1.0 1.0 1.0 1.0 1.0 
1.0 1.0 1.0 1.0 1.0 1.0 1.0 1.0 
1.0 1.0 1.0 1.0 1.0 1.0 1.0 1.0 
1.0 1.0 1.0 1.0 1.0 1.0 1.0 1.0 
10.808704081191662 1.0 1.0 1.0 1.0 1.0 1.0 1.0 
10.808704081191662 1.0 1.0 1.0 1.0 1.0 1.0 1.0 
10.808704081191662 1.0 1.0 1.0 1.0 1.0 1.0 1.0 
10.808704081191662 1.0 1.0 1.0 1.0 1.0 1.0 1.0 
10.808704081191662 1.0 1.0 1.0 1.0 1.0 1.0 1.0 
10.808704081191662 1.0 1.0 1.0 1.0 1.0 1.0 1.0 
10.808704081191662 1.0 1.0 1.0 1.0 1.0 1.0 1.0 
10.047890856251826 1.0 1.0 1.0 1.0 1.0 1.0 1.0 
10.047890856251826 1.0 1.0 1.0 1.0 1.0 1.0 1.0 
9.17857829762315 1.0 1.0 1.0 1.0 1.0 1.0 1.0 
8.26572220305126 1.0 1.0 1.0 1.0 1.0 1.0 1.0 
7.319512972170561 1.0 1.0 1.0 1.0 1.0 1.0 1.0 
5.385016 1.0 1.0 1.0 1.0 1.0 1.0 1.0 
1.0 1.0 1.0 1.0 1.0 1.0 1.0 1.0 
1.0 1.0 1.0 1.0 1.0 1.0 1.0 1.0 
1.0 1.0 1.0 1.0 1.0 1.0 1.0 1.0 
1.0 1.0 1.0 1.0 1.0 1.0 1.0 1.0 
1.0 1.0 1.0 1.0 1.0 1.0 1.0 1.0 
1.0 1.0 1.0 1.0 1.0 1.0 1.0 1.0 
1.0 1.0 1.0 1.0 1.0 1.0 1.0 1.0 
1.0 1.0 1.0 1.0 1.0 1.0 1.0 1.0 
1.0 1.0 1.0 1.0 1.0 1.0 1.0 1.0 
1.0 1.0 1.0 1.0 1.0 1.0 1.0 1.0 
1.0 1.0 1.0 1.0 1.0 1.0 1.0 1.0 
1.0 1.0 1.0 1.0 1.0 1.0 1.0 1.0 
1.0 1.0 1.0 1.0 1.0 1.0 1.0 1.0 
1.0 1.0 1.0 1.0 1.0 1.0 1.0 1.0 
11.821596588732277 1.0 1.0 1.0 1.0 1.0 1.0 1.0 
11.821596588732277 1.0 1.0 1.0 1.0 1.0 1.0 1.0 
11.821596588732277 1.0 1.0 1.0 1.0 1.0 1.0 1.0 
11.821596588732277 1.0 1.0 1.0 1.0 1.0 1.0 1.0 
11.821596588732277 1.0 1.0 1.0 1.0 1.0 1.0 1.0 
11.821596588732277 1.0 1.0 1.0 1.0 1.0 1.0 1.0 
11.821596588732277 1.0 1.0 1.0 1.0 1.0 1.0 1.0 
10.992674405429943 1.0 1.0 1.0 1.0 1.0 1.0 1.0 
10.992674405429943 1.0 1.0 1.0 1.0 1.0 1.0 1.0 
10.039542588274665 1.0 1.0 1.0 1.0 1.0 1.0 1.0 
9.03528519680258 1.0 1.0 1.0 1.0 1.0 1.0 1.0 
7.991225431855839 1.0 1.0 1.0 1.0 1.0 1.0 1.0 
5.8522240000000005 1.0 1.0 1.0 1.0 1.0 1.0 1.0 
1.0 1.0 1.0 1.0 1.0 1.0 1.0 1.0 
1.0 1.0 1.0 1.0 1.0 1.0 1.0 1.0 
1.0 1.0 1.0 1.0 1.0 1.0 1.0 1.0 
1.0 1.0 1.0 1.0 1.0 1.0 1.0 1.0 
1.0 1.0 1.0 1.0 1.0 1.0 1.0 1.0 
1.0 1.0 1.0 1.0 1.0 1.0 1.0 1.0 
1.0 1.0 1.0 1.0 1.0 1.0 1.0 1.0 
1.0 1.0 1.0 1.0 1.0 1.0 1.0 1.0 
1.0 1.0 1.0 1.0 1.0 1.0 1.0 1.0 
1.0 1.0 1.0 1.0 1.0 1.0 1.0 1.0 
1.0 1.0 1.0 1.0 1.0 1.0 1.0 1.0 
1.0 1.0 1.0 1.0 1.0 1.0 1.0 1.0 
1.0 1.0 1.0 1.0 1.0 1.0 1.0 1.0 
1.0 1.0 1.0 1.0 1.0 1.0 1.0 1.0 
12.862644016047346 1.0 1.0 1.0 1.0 1.0 1.0 1.0 
12.862644016047346 1.0 1.0 1.0 1.0 1.0 1.0 1.0 
12.862644016047346 1.0 1.0 1.0 1.0 1.0 1.0 1.0 
12.862644016047346 1.0 1.0 1.0 1.0 1.0 1.0 1.0 
12.862644016047346 1.0 1.0 1.0 1.0 1.0 1.0 1.0 
12.862644016047346 1.0 1.0 1.0 1.0 1.0 1.0 1.0 
12.862644016047346 1.0 1.0 1.0 1.0 1.0 1.0 1.0 
11.9688695724892 1.0 1.0 1.0 1.0 1.0 1.0 1.0 
11.9688695724892 1.0 1.0 1.0 1.0 1.0 1.0 1.0 
10.933017470000177 1.0 1.0 1.0 1.0 1.0 1.0 1.0 
9.836729404667384 1.0 1.0 1.0 1.0 1.0 1.0 1.0 
8.692287554746258 1.0 1.0 1.0 1.0 1.0 1.0 1.0 
6.340599999999999 1.0 1.0 1.0 1.0 1.0 1.0 1.0 
1.0 1.0 1.0 1.0 1.0 1.0 1.0 1.0 
1.0 1.0 1.0 1.0 1.0 1.0 1.0 1.0 
1.0 1.0 1.0 1.0 1.0 1.0 1.0 1.0 
1.0 1.0 1.0 1.0 1.0 1.0 1.0 1.0 
1.0 1.0 1.0 1.0 1.0 1.0 1.0 1.0 
1.0 1.0 1.0 1.0 1.0 1.0 1.0 1.0 
1.0 1.0 1.0 1.0 1.0 1.0 1.0 1.0 
1.0 1.0 1.0 1.0 1.0 1.0 1.0 1.0 
1.0 1.0 1.0 1.0 1.0 1.0 1.0 1.0 
1.0 1.0 1.0 1.0 1.0 1.0 1.0 1.0 
1.0 1.0 1.0 1.0 1.0 1.0 1.0 1.0 
1.0 1.0 1.0 1.0 1.0 1.0 1.0 1.0 
1.0 1.0 1.0 1.0 1.0 1.0 1.0 1.0 
1.0 1.0 1.0 1.0 1.0 1.0 1.0 1.0 
13.922720741505536 1.0 1.0 1.0 1.0 1.0 1.0 1.0 
13.922720741505536 1.0 1.0 1.0 1.0 1.0 1.0 1.0 
13.922720741505536 1.0 1.0 1.0 1.0 1.0 1.0 1.0 
13.922720741505536 1.0 1.0 1.0 1.0 2.0 1.0 1.0 
13.922720741505536 1.0 2.0 1.0 1.0 3.0 1.0 1.0 
13.922720741505536 1.0 2.0 1.0 1.0 2.0 1.0 2.0 
13.922720741505536 1.0 1.0 1.0 1.0 1.0 2.0 2.0 
12.969588924350255 1.0 2.0 1.0 1.0 2.0 2.0 1.0 
12.969588924350255 1.0 2.0 1.0 1.0 3.0 1.0 1.0 
11.85460613548203 1.0 1.0 1.0 1.0 3.0 1.0 1.0 
10.66780613548203 1.0 1.0 1.0 1.0 3.0 1.0 1.0 
9.421821207833972 1.0 1.0 1.0 1.0 3.0 1.0 1.0 
6.850143999999999 1.0 1.0 2.0 1.0 2.0 1.0 1.0 
1.0 1.0 1.0 2.0 1.0 2.0 1.0 1.0 
1.0 1.0 1.0 2.0 1.0 2.0 1.0 1.0 
1.0 1.0 1.0 3.0 1.0 1.0 1.0 1.0 
1.0 1.0 1.0 3.0 1.0 1.0 1.0 1.0 
1.0 1.0 1.0 3.0 1.0 1.0 1.0 1.0 
1.0 1.0 1.0 2.0 2.0 1.0 1.0 1.0 
1.0 1.0 1.0 1.0 2.0 2.0 1.0 1.0 
1.0 1.0 1.0 1.0 2.0 2.0 1.0 1.0 
1.0 1.0 1.0 1.0 2.0 1.0 1.0 2.0 
1.0 1.0 2.0 1.0 1.0 2.0 1.0 2.0 
1.0 1.0 2.0 1.0 2.0 2.0 1.0 1.0 
1.0 1.0 1.0 1.0 2.0 2.0 1.0 1.0 
1.0 1.0 1.0 1.0 1.0 3.0 1.0 1.0 
1.0 1.0 1.0 1.0 1.0 2.0 1.0 1.0 
14.987048156647637 1.0 1.0 1.0 1.0 3.0 1.0 1.0 
14.987048156647637 1.0 1.0 1.0 2.0 2.0 1.0 1.0 
14.987048156647637 1.0 1.0 1.0 2.0 1.0 2.0 1.0 
14.987048156647637 1.0 1.0 1.0 1.0 2.0 3.0 1.0 
14.987048156647637 1.0 2.0 1.0 1.0 4.0 2.0 1.0 
14.987048156647637 1.0 2.0 1.0 1.0 4.0 1.0 2.0 
14.987048156647637 6.0 1.0 1.0 1.0 3.0 2.0 2.0 
13.982790765175551 6.0 2.0 1.0 1.0 3.0 3.0 1.0 
13.982790765175551 1.0 2.0 1.0 1.0 4.0 2.0 1.0 
12.795990765175551 1.0 1.0 1.0 1.0 5.0 1.0 1.0 
11.523865673524382 1.0 1.0 1.0 1.0 5.0 1.0 1.0 
10.17787576494674 1.0 1.0 1.0 1.0 5.0 1.0 1.0 
7.3808560000000005 1.0 1.0 3.0 1.0 3.0 1.0 1.0 
1.0 1.0 1.0 4.0 1.0 2.0 1.0 1.0 
1.0 1.0 1.0 4.0 1.0 2.0 1.0 1.0 
1.0 1.0 1.0 5.0 1.0 1.0 1.0 1.0 
1.0 1.0 1.0 5.0 1.0 1.0 1.0 1.0 
1.0 1.0 1.0 4.0 1.0 2.0 1.0 1.0 
1.0 1.0 1.0 2.0 3.0 2.0 1.0 1.0 
1.0 1.0 1.0 1.0 3.0 3.0 1.0 1.0 
1.0 1.0 1.0 1.0 2.0 4.0 1.0 1.0 
1.0 1.0 1.0 2.0 2.0 2.0 1.0 2.0 
1.0 1.0 2.0 2.0 2.0 2.0 1.0 2.0 
1.0 1.0 2.0 1.0 4.0 2.0 1.0 1.0 
1.0 1.0 1.0 1.0 3.0 3.0 1.0 1.0 
1.0 1.0 1.0 1.0 1.0 4.0 2.0 1.0 
1.0 1.0 1.0 1.0 1.0 2.0 2.0 1.0 
16.0299109232546 1.0 3.0 1.0 1.0 5.0 1.0 1.0 
16.0299109232546 1.0 1.0 1.0 2.0 3.0 1.0 2.0 
16.0299109232546 1.0 1.0 1.0 3.0 1.0 2.0 2.0 
16.0299109232546 1.0 2.0 1.0 2.0 2.0 3.0 1.0 
16.0299109232546 1.0 2.0 1.0 1.0 4.0 2.0 1.0 
16.0299109232546 1.0 1.0 1.0 1.0 5.0 1.0 1.0 
16.0299109232546 6.0 1.0 1.0 1.0 5.0 1.0 1.0 
14.985851158307863 11.0 1.0 1.0 1.0 4.0 2.0 1.0 
14.985851158307863 1.0 1.0 1.0 1.0 4.0 2.0 1.0 
13.739866230659809 1.0 1.0 1.0 1.0 5.0 1.0 1.0 
12.393876322082171 1.0 1.0 1.0 1.0 5.0 1.0 1.0 
10.95520092764806 1.0 1.0 1.0 1.0 5.0 1.0 1.0 
7.932736000000001 1.0 1.0 2.0 1.0 4.0 1.0 1.0 
1.0 1.0 1.0 4.0 1.0 2.0 1.0 1.0 
1.0 1.0 2.0 5.0 1.0 1.0 1.0 1.0 
1.0 1.0 2.0 5.0 1.0 1.0 1.0 1.0 
1.0 1.0 1.0 5.0 1.0 1.0 1.0 1.0 
1.0 1.0 1.0 3.0 2.0 2.0 1.0 1.0 
1.0 1.0 1.0 1.0 3.0 3.0 1.0 1.0 
1.0 1.0 1.0 1.0 2.0 4.0 1.0 1.0 
1.0 1.0 1.0 1.0 2.0 4.0 1.0 1.0 
1.0 1.0 1.0 2.0 2.0 3.0 1.0 1.0 
1.0 1.0 1.0 2.0 2.0 3.0 1.0 1.0 
1.0 1.0 2.0 1.0 3.0 3.0 1.0 1.0 
1.0 1.0 2.0 1.0 2.0 4.0 1.0 1.0 
1.0 1.0 1.0 2.0 1.0 3.0 2.0 1.0 
1.0 1.0 1.0 2.0 1.0 1.0 2.0 1.0 
17.000133060576417 1.0 3.0 1.0 1.0 3.0 2.0 2.0 
17.000133060576417 1.0 2.0 1.0 1.0 2.0 3.0 2.0 
17.000133060576417 1.0 2.0 1.0 2.0 1.0 2.0 3.0 
17.000133060576417 1.0 2.0 1.0 2.0 3.0 1.0 2.0 
17.000133060576417 1.0 2.0 1.0 1.0 5.0 1.0 1.0 
17.000133060576417 1.0 1.0 1.0 2.0 4.0 1.0 1.0 
17.000133060576417 1.0 1.0 1.0 3.0 3.0 1.0 1.0 
15.930632344648496 1.0 1.0 2.0 2.0 3.0 1.0 1.0 
15.930632344648496 1.0 1.0 3.0 1.0 3.0 1.0 1.0 
14.644793740731508 1.0 3.0 2.0 1.0 4.0 1.0 1.0 
13.24628385825814 1.0 3.0 2.0 1.0 4.0 1.0 1.0 
11.73505139443411 1.0 1.0 2.0 1.0 3.0 1.0 2.0 
8.505784 1.0 2.0 1.0 1.0 3.0 1.0 3.0 
1.0 1.0 7.0 2.0 1.0 2.0 2.0 2.0 
1.0 1.0 7.0 3.0 1.0 1.0 3.0 1.0 
1.0 1.0 3.0 3.0 1.0 2.0 2.0 1.0 
1.0 1.0 2.0 3.0 1.0 3.0 1.0 1.0 
1.0 1.0 1.0 2.0 2.0 3.0 1.0 1.0 
1.0 1.0 1.0 2.0 2.0 3.0 1.0 1.0 
1.0 1.0 1.0 2.0 2.0 3.0 1.0 1.0 
1.0 1.0 1.0 1.0 4.0 2.0 1.0 1.0 
1.0 1.0 1.0 1.0 3.0 2.0 1.0 1.0 
1.0 1.0 2.0 1.0 1.0 3.0 1.0 1.0 
1.0 1.0 3.0 1.0 2.0 3.0 1.0 1.0 
1.0 1.0 2.0 1.0 2.0 3.0 1.0 1.0 
1.0 1.0 1.0 2.0 1.0 2.0 1.0 1.0 
1.0 1.0 1.0 2.0 1.0 1.0 1.0 1.0 
17.772784 1.0 1.0 1.0 1.0 3.0 2.0 2.0 
17.772784 1.0 2.0 1.0 1.0 3.0 3.0 1.0 
17.772784 1.0 2.0 1.0 1.0 2.0 2.0 3.0 
17.772784 1.0 3.0 2.0 1.0 2.0 1.0 3.0 
17.772784 1.0 3.0 2.0 1.0 3.0 1.0 2.0 
17.772784 1.0 1.0 1.0 3.0 2.0 1.0 2.0 
17.772784 1.0 1.0 2.0 4.0 1.0 1.0 1.0 
16.694512000000003 1.0 1.0 4.0 2.0 1.0 1.0 1.0 
16.694512000000003 1.0 1.0 5.0 1.0 1.0 1.0 1.0 
15.394480000000001 1.0 3.0 3.0 1.0 2.0 2.0 1.0 
13.976512000000001 1.0 3.0 2.0 1.0 2.0 2.0 2.0 
12.435904000000003 1.0 3.0 2.0 1.0 2.0 1.0 3.0 
9.100000000000001 1.0 7.0 1.0 2.0 2.0 1.0 3.0 
1.0 1.0 13.0 1.0 3.0 1.0 2.0 2.0 
1.0 1.0 9.0 1.0 2.0 2.0 3.0 1.0 
1.0 1.0 2.0 1.0 1.0 3.0 3.0 1.0 
1.0 1.0 2.0 1.0 1.0 4.0 2.0 1.0 
1.0 1.0 1.0 1.0 1.0 5.0 1.0 1.0 
1.0 1.0 1.0 2.0 1.0 4.0 1.0 1.0 
1.0 1.0 1.0 2.0 2.0 3.0 1.0 1.0 
1.0 1.0 1.0 1.0 3.0 3.0 1.0 1.0 
1.0 1.0 1.0 1.0 2.0 2.0 2.0 1.0 
1.0 1.0 2.0 1.0 1.0 1.0 2.0 1.0 
1.0 1.0 2.0 1.0 2.0 1.0 1.0 1.0 
1.0 1.0 1.0 1.0 2.0 1.0 1.0 1.0 
1.0 1.0 1.0 1.0 1.0 1.0 1.0 1.0 
1.0 1.0 1.0 1.0 1.0 1.0 1.0 1.0 
17.000133060576417 1.0 1.0 1.0 2.0 4.0 1.0 1.0 
17.000133060576417 1.0 1.0 1.0 1.0 5.0 1.0 1.0 
17.000133060576417 1.0 2.0 1.0 1.0 3.0 1.0 3.0 
17.000133060576417 1.0 5.0 2.0 1.0 2.0 1.0 3.0 
17.000133060576417 1.0 4.0 2.0 1.0 3.0 1.0 2.0 
17.000133060576417 1.0 1.0 2.0 2.0 2.0 1.0 2.0 
17.000133060576417 1.0 2.0 4.0 2.0 1.0 1.0 1.0 
15.930632344648496 1.0 2.0 5.0 1.0 1.0 1.0 1.0 
15.930632344648496 1.0 3.0 4.0 1.0 2.0 1.0 1.0 
14.644793740731508 1.0 4.0 2.0 2.0 2.0 2.0 1.0 
13.24628385825814 1.0 2.0 1.0 3.0 1.0 2.0 2.0 
11.73505139443411 1.0 3.0 1.0 3.0 2.0 1.0 2.0 
8.505784 1.0 6.0 1.0 3.0 3.0 1.0 1.0 
1.0 1.0 7.0 1.0 4.0 2.0 1.0 1.0 
1.0 1.0 4.0 1.0 3.0 3.0 1.0 1.0 
1.0 1.0 1.0 1.0 1.0 4.0 2.0 1.0 
1.0 1.0 1.0 1.0 2.0 3.0 2.0 1.0 
1.0 1.0 1.0 1.0 3.0 3.0 1.0 1.0 
1.0 1.0 1.0 1.0 2.0 4.0 1.0 1.0 
1.0 1.0 1.0 2.0 1.0 4.0 1.0 1.0 
1.0 1.0 1.0 2.0 1.0 4.0 1.0 1.0 
1.0 1.0 1.0 1.0 1.0 3.0 2.0 1.0 
1.0 1.0 1.0 1.0 1.0 1.0 2.0 1.0 
1.0 1.0 1.0 1.0 1.0 1.0 1.0 1.0 
1.0 1.0 1.0 1.0 1.0 1.0 1.0 1.0 
1.0 1.0 1.0 1.0 1.0 1.0 1.0 1.0 
1.0 1.0 1.0 1.0 1.0 1.0 1.0 1.0 
16.0299109232546 1.0 1.0 1.0 2.0 4.0 1.0 1.0 
16.0299109232546 1.0 1.0 1.0 1.0 4.0 2.0 1.0 
16.0299109232546 1.0 2.0 1.0 1.0 3.0 2.0 2.0 
16.0299109232546 1.0 4.0 1.0 1.0 4.0 1.0 2.0 
16.0299109232546 1.0 3.0 1.0 1.0 5.0 1.0 1.0 
16.0299109232546 1.0 1.0 2.0 1.0 4.0 1.0 1.0 
16.0299109232546 1.0 2.0 3.0 1.0 3.0 1.0 1.0 
14.985851158307863 1.0 2.0 3.0 2.0 2.0 1.0 1.0 
14.985851158307863 1.0 3.0 2.0 3.0 2.0 1.0 1.0 
13.739866230659809 1.0 4.0 1.0 3.0 3.0 1.0 1.0 
12.393876322082171 1.0 2.0 1.0 4.0 2.0 1.0 1.0 
10.95520092764806 1.0 1.0 1.0 5.0 1.0 1.0 1.0 
7.932736000000001 1.0 1.0 1.0 3.0 3.0 1.0 1.0 
1.0 1.0 1.0 2.0 2.0 3.0 1.0 1.0 
1.0 1.0 1.0 2.0 2.0 3.0 1.0 1.0 
1.0 1.0 1.0 1.0 1.0 5.0 1.0 1.0 
1.0 1.0 1.0 1.0 3.0 3.0 1.0 1.0 
1.0 1.0 1.0 1.0 5.0 1.0 1.0 1.0 
1.0 1.0 1.0 1.0 3.0 3.0 1.0 1.0 
1.0 1.0 1.0 2.0 1.0 4.0 1.0 1.0 
1.0 1.0 1.0 2.0 1.0 3.0 1.0 1.0 
1.0 1.0 1.0 1.0 1.0 2.0 1.0 1.0 
1.0 1.0 1.0 1.0 1.0 1.0 1.0 1.0 
1.0 1.0 1.0 1.0 1.0 1.0 1.0 1.0 
1.0 1.0 1.0 1.0 1.0 1.0 1.0 1.0 
1.0 1.0 1.0 1.0 2.0 1.0 1.0 1.0 
1.0 1.0 1.0 1.0 2.0 1.0 1.0 1.0 
14.987048156647637 1.0 1.0 1.0 1.0 5.0 1.0 1.0 
14.987048156647637 1.0 1.0 1.0 1.0 3.0 3.0 1.0 
14.987048156647637 1.0 2.0 1.0 1.0 3.0 3.0 1.0 
14.987048156647637 1.0 4.0 1.0 1.0 5.0 1.0 1.0 
14.987048156647637 1.0 3.0 1.0 1.0 5.0 1.0 1.0 
14.987048156647637 1.0 1.0 1.0 1.0 5.0 1.0 1.0 
14.987048156647637 1.0 2.0 1.0 1.0 4.0 1.0 2.0 
13.982790765175551 1.0 2.0 1.0 2.0 3.0 1.0 2.0 
13.982790765175551 1.0 1.0 2.0 3.0 2.0 1.0 1.0 
12.795990765175551 1.0 1.0 2.0 3.0 2.0 1.0 1.0 
11.523865673524382 1.0 1.0 2.0 3.0 2.0 1.0 1.0 
10.17787576494674 1.0 1.0 3.0 3.0 1.0 1.0 1.0 
7.3808560000000005 1.0 2.0 3.0 2.0 2.0 1.0 1.0 
1.0 1.0 3.0 3.0 2.0 2.0 1.0 1.0 
1.0 1.0 3.0 2.0 2.0 3.0 1.0 1.0 
1.0 1.0 2.0 2.0 1.0 4.0 1.0 1.0 
1.0 1.0 1.0 3.0 2.0 2.0 1.0 1.0 
1.0 1.0 1.0 2.0 4.0 1.0 1.0 1.0 
1.0 1.0 2.0 1.0 3.0 3.0 1.0 1.0 
1.0 1.0 2.0 1.0 1.0 5.0 1.0 1.0 
1.0 1.0 1.0 1.0 1.0 3.0 1.0 1.0 
1.0 1.0 1.0 1.0 1.0 1.0 1.0 1.0 
1.0 1.0 1.0 1.0 1.0 1.0 1.0 1.0 
1.0 1.0 1.0 1.0 1.0 1.0 1.0 1.0 
1.0 1.0 1.0 1.0 1.0 1.0 1.0 1.0 
1.0 1.0 1.0 1.0 2.0 1.0 2.0 1.0 
1.0 1.0 1.0 1.0 2.0 1.0 2.0 1.0 
13.922720741505536 1.0 1.0 1.0 1.0 4.0 2.0 1.0 
13.922720741505536 1.0 1.0 1.0 1.0 3.0 3.0 1.0 
13.922720741505536 1.0 2.0 1.0 1.0 4.0 2.0 1.0 
13.922720741505536 1.0 3.0 1.0 1.0 5.0 1.0 1.0 
13.922720741505536 1.0 2.0 1.0 1.0 5.0 1.0 1.0 
17.033120741505535 1.0 1.0 1.0 1.0 5.0 1.0 1.0 
18.406818174548246 1.0 2.0 1.0 1.0 4.0 1.0 2.0 
18.12767791213922 1.0 2.0 2.0 1.0 3.0 1.0 2.0 
18.780868717341644 1.0 1.0 4.0 1.0 2.0 1.0 1.0 
18.291185628315656 1.0 1.0 4.0 2.0 1.0 1.0 1.0 
17.104385628315654 1.0 1.0 3.0 2.0 2.0 1.0 1.0 
16.41091283133318 1.0 1.0 3.0 1.0 3.0 1.0 1.0 
13.839235623499208 1.0 3.0 4.0 1.0 2.0 1.0 1.0 
7.989091623499216 1.0 4.0 3.0 2.0 2.0 1.0 1.0 
7.989091623499216 1.0 4.0 1.0 2.0 4.0 1.0 1.0 
7.989091623499216 1.0 3.0 3.0 1.0 3.0 1.0 1.0 
7.989091623499216 1.0 1.0 4.0 1.0 2.0 1.0 1.0 
7.989091623499216 1.0 1.0 3.0 2.0 2.0 1.0 1.0 
7.989091623499216 1.0 3.0 2.0 2.0 2.0 1.0 2.0 
7.436579492833633 1.0 3.0 1.0 1.0 3.0 1.0 2.0 
7.436579492833633 1.0 1.0 1.0 1.0 2.0 1.0 1.0 
6.811279792991388 1.0 1.0 1.0 1.0 1.0 1.0 1.0 
6.158088987788965 1.0 1.0 1.0 1.0 1.0 1.0 1.0 
5.484097433042706 1.0 1.0 1.0 1.0 1.0 1.0 1.0 
4.110400000000001 1.0 1.0 1.0 1.0 1.0 1.0 1.0 
1.0 1.0 1.0 1.0 1.0 1.0 3.0 1.0 
1.0 1.0 1.0 1.0 1.0 1.0 3.0 1.0 
12.862644016047346 1.0 1.0 1.0 1.0 4.0 2.0 1.0 
12.862644016047346 1.0 1.0 1.0 1.0 4.0 2.0 1.0 
12.862644016047346 1.0 1.0 1.0 1.0 5.0 1.0 1.0 
12.862644016047346 1.0 1.0 1.0 1.0 5.0 1.0 1.0 
12.862644016047346 1.0 1.0 1.0 1.0 5.0 1.0 1.0 
16.376748016047348 1.0 1.0 1.0 1.0 5.0 1.0 1.0 
17.92838849091601 1.0 3.0 1.0 2.0 4.0 1.0 1.0 
17.7954272722977 1.0 3.0 3.0 2.0 2.0 1.0 1.0 
18.53207691971781 1.0 1.0 5.0 1.0 1.0 1.0 1.0 
18.20068232866739 1.0 1.0 4.0 1.0 2.0 1.0 1.0 
17.104394263334598 1.0 1.0 2.0 1.0 4.0 1.0 1.0 
16.58137813914639 1.0 1.0 1.0 1.0 5.0 1.0 1.0 
14.229690584400132 1.0 2.0 2.0 2.0 3.0 1.0 1.0 
8.889090584400135 1.0 2.0 2.0 2.0 3.0 1.0 1.0 
8.889090584400135 1.0 3.0 1.0 1.0 5.0 1.0 1.0 
8.889090584400135 1.0 3.0 2.0 1.0 3.0 2.0 1.0 
8.889090584400135 1.0 1.0 2.0 1.0 3.0 2.0 1.0 
8.889090584400135 1.0 1.0 3.0 1.0 3.0 1.0 1.0 
8.889090584400135 1.0 2.0 4.0 1.0 1.0 1.0 2.0 
8.267664858667214 1.0 2.0 2.0 1.0 1.0 1.0 2.0 
8.267664858667214 1.0 2.0 1.0 1.0 1.0 1.0 1.0 
7.563207347228609 1.0 2.0 1.0 1.0 1.0 1.0 1.0 
6.826557699808499 1.0 1.0 1.0 1.0 1.0 1.0 1.0 
6.065744474868663 1.0 1.0 1.0 1.0 1.0 1.0 1.0 
4.514104 1.0 1.0 1.0 1.0 1.0 1.0 1.0 
1.0 1.0 1.0 1.0 1.0 2.0 2.0 1.0 
1.0 1.0 1.0 1.0 1.0 2.0 2.0 1.0 
11.821596588732277 1.0 1.0 1.0 1.0 4.0 1.0 1.0 
11.821596588732277 1.0 2.0 1.0 1.0 4.0 1.0 1.0 
11.821596588732277 1.0 2.0 1.0 1.0 5.0 1.0 1.0 
11.821596588732277 1.0 1.0 1.0 1.0 4.0 2.0 1.0 
11.821596588732277 1.0 2.0 1.0 1.0 3.0 2.0 2.0 
15.760572588732275 1.0 3.0 1.0 1.0 4.0 1.0 2.0 
17.49919770598963 1.0 4.0 1.0 3.0 3.0 1.0 1.0 
17.52192073052127 1.0 3.0 2.0 3.0 2.0 1.0 1.0 
18.345302627150595 1.0 1.0 3.0 1.0 3.0 1.0 1.0 
18.178220665291427 1.0 2.0 2.0 1.0 4.0 1.0 1.0 
17.173963273819336 1.0 2.0 1.0 2.0 4.0 1.0 1.0 
16.821103508872596 1.0 1.0 1.0 2.0 3.0 2.0 1.0 
14.682102077016758 1.0 1.0 1.0 2.0 3.0 2.0 1.0 
9.829878077016758 1.0 1.0 1.0 2.0 3.0 1.0 2.0 
9.829878077016758 1.0 2.0 1.0 1.0 4.0 1.0 2.0 
9.829878077016758 1.0 2.0 1.0 1.0 4.0 2.0 1.0 
9.829878077016758 1.0 1.0 1.0 1.0 4.0 2.0 1.0 
9.829878077016758 1.0 1.0 2.0 1.0 4.0 1.0 1.0 
9.829878077016758 1.0 1.0 3.0 2.0 2.0 1.0 1.0 
9.138678077016758 1.0 1.0 2.0 3.0 1.0 1.0 1.0 
9.138678077016758 1.0 2.0 1.0 2.0 1.0 1.0 1.0 
8.352628221720645 1.0 2.0 1.0 1.0 1.0 1.0 1.0 
7.5292463250913215 1.0 1.0 1.0 1.0 1.0 1.0 1.0 
6.677601117257348 1.0 1.0 1.0 1.0 1.0 1.0 1.0 
4.938975999999999 1.0 1.0 1.0 1.0 1.0 2.0 1.0 
1.0 1.0 1.0 1.0 1.0 3.0 2.0 1.0 
1.0 1.0 1.0 1.0 1.0 3.0 1.0 1.0 
10.808704081191662 1.0 1.0 1.0 1.0 2.0 2.0 1.0 
10.808704081191662 1.0 2.0 1.0 1.0 3.0 2.0 1.0 
10.808704081191662 1.0 2.0 1.0 1.0 5.0 1.0 1.0 
10.808704081191662 1.0 1.0 1.0 1.0 4.0 2.0 1.0 
10.808704081191662 1.0 3.0 1.0 2.0 2.0 2.0 2.0 
15.193720081191657 1.0 9.0 1.0 2.0 3.0 1.0 2.0 
17.12821705336222 1.0 7.0 1.0 2.0 4.0 1.0 1.0 
17.31361305930308 1.0 1.0 1.0 2.0 3.0 1.0 2.0 
18.226469153874973 1.0 1.0 1.0 1.0 4.0 1.0 2.0 
18.22646915387497 1.0 2.0 1.0 1.0 5.0 1.0 1.0 
17.31361305930308 1.0 2.0 1.0 3.0 3.0 1.0 1.0 
17.12821705336222 1.0 1.0 1.0 4.0 1.0 2.0 1.0 
15.193720081191655 1.0 2.0 1.0 2.0 3.0 2.0 1.0 
10.808704081191662 1.0 2.0 1.0 1.0 4.0 1.0 2.0 
10.808704081191662 1.0 1.0 1.0 1.0 4.0 1.0 2.0 
10.808704081191662 1.0 1.0 1.0 1.0 5.0 1.0 1.0 
10.808704081191662 1.0 1.0 1.0 1.0 5.0 1.0 1.0 
10.808704081191662 1.0 1.0 1.0 1.0 5.0 1.0 1.0 
10.808704081191662 1.0 1.0 2.0 2.0 3.0 1.0 1.0 
10.047890856251826 1.0 1.0 2.0 3.0 1.0 2.0 1.0 
10.047890856251826 1.0 1.0 1.0 2.0 2.0 2.0 1.0 
9.17857829762315 1.0 2.0 1.0 1.0 3.0 1.0 1.0 
8.26572220305126 1.0 3.0 1.0 1.0 2.0 1.0 1.0 
7.319512972170561 1.0 2.0 1.0 1.0 1.0 1.0 1.0 
5.385016 1.0 1.0 1.0 1.0 2.0 2.0 1.0 
1.0 1.0 1.0 1.0 1.0 4.0 2.0 1.0 
1.0 1.0 1.0 1.0 1.0 3.0 1.0 1.0 
9.829878077016758 1.0 1.0 1.0 1.0 1.0 2.0 1.0 
9.829878077016758 1.0 1.0 1.0 1.0 3.0 2.0 1.0 
9.829878077016758 1.0 1.0 1.0 1.0 5.0 1.0 1.0 
9.829878077016758 1.0 2.0 1.0 1.0 5.0 1.0 1.0 
9.829878077016758 1.0 5.0 1.0 3.0 3.0 1.0 1.0 
14.68210207701675 1.0 11.0 1.0 4.0 2.0 1.0 1.0 
16.82110350887259 1.0 8.0 1.0 2.0 4.0 1.0 1.0 
17.173963273819325 1.0 1.0 1.0 1.0 4.0 1.0 2.0 
18.17822066529141 1.0 2.0 1.0 1.0 4.0 1.0 2.0 
18.345302627150577 1.0 2.0 1.0 1.0 5.0 1.0 1.0 
17.52192073052126 1.0 1.0 1.0 2.0 4.0 1.0 1.0 
17.499197705989623 1.0 2.0 1.0 3.0 3.0 1.0 1.0 
15.760572588732273 1.0 4.0 1.0 2.0 4.0 1.0 1.0 
11.821596588732277 1.0 3.0 1.0 1.0 5.0 1.0 1.0 
11.821596588732277 1.0 1.0 1.0 1.0 5.0 1.0 1.0 
11.821596588732277 1.0 1.0 1.0 1.0 4.0 1.0 1.0 
11.821596588732277 1.0 1.0 1.0 1.0 4.0 1.0 1.0 
11.821596588732277 1.0 1.0 1.0 1.0 4.0 1.0 1.0 
11.821596588732277 1.0 1.0 2.0 1.0 3.0 1.0 1.0 
10.992674405429943 1.0 1.0 2.0 1.0 2.0 3.0 1.0 
10.992674405429943 1.0 1.0 1.0 1.0 2.0 4.0 1.0 
10.039542588274665 1.0 2.0 1.0 1.0 3.0 3.0 1.0 
9.03528519680258 1.0 3.0 1.0 1.0 2.0 3.0 1.0 
7.991225431855839 1.0 2.0 1.0 1.0 2.0 2.0 1.0 
5.8522240000000005 1.0 1.0 1.0 1.0 3.0 2.0 1.0 
1.0 1.0 1.0 1.0 1.0 3.0 3.0 1.0 
1.0 1.0 1.0 1.0 1.0 2.0 2.0 1.0 
8.889090584400135 1.0 1.0 1.0 1.0 1.0 1.0 1.0 
8.889090584400135 1.0 1.0 1.0 2.0 2.0 1.0 1.0 
8.889090584400135 1.0 1.0 1.0 2.0 3.0 1.0 2.0 
8.889090584400135 1.0 2.0 1.0 1.0 3.0 1.0 3.0 
8.889090584400135 1.0 4.0 1.0 3.0 2.0 1.0 2.0 
14.229690584400128 1.0 8.0 1.0 4.0 1.0 1.0 2.0 
16.581378139146388 1.0 6.0 1.0 2.0 3.0 1.0 2.0 
17.10439426333459 1.0 1.0 1.0 1.0 5.0 1.0 1.0 
18.200682328667384 1.0 2.0 1.0 1.0 5.0 1.0 1.0 
18.532076919717802 1.0 2.0 1.0 1.0 4.0 1.0 2.0 
17.795427272297694 1.0 1.0 1.0 1.0 4.0 1.0 2.0 
17.928388490916 1.0 3.0 1.0 1.0 5.0 1.0 1.0 
16.376748016047337 1.0 4.0 1.0 2.0 4.0 1.0 1.0 
12.862644016047346 1.0 2.0 1.0 2.0 3.0 2.0 1.0 
12.862644016047346 1.0 1.0 1.0 1.0 4.0 2.0 1.0 
12.862644016047346 1.0 1.0 1.0 1.0 3.0 1.0 1.0 
12.862644016047346 1.0 1.0 1.0 2.0 2.0 1.0 1.0 
12.862644016047346 1.0 1.0 1.0 2.0 2.0 1.0 1.0 
12.862644016047346 1.0 1.0 1.0 1.0 2.0 1.0 1.0 
11.9688695724892 1.0 3.0 1.0 1.0 2.0 2.0 1.0 
11.9688695724892 1.0 3.0 1.0 1.0 1.0 3.0 1.0 
10.933017470000177 1.0 1.0 1.0 1.0 1.0 3.0 1.0 
9.836729404667384 1.0 1.0 1.0 1.0 1.0 3.0 1.0 
8.692287554746258 1.0 1.0 1.0 1.0 3.0 2.0 1.0 
6.340599999999999 1.0 1.0 1.0 1.0 3.0 2.0 1.0 
1.0 1.0 1.0 1.0 1.0 1.0 3.0 1.0 
1.0 1.0 1.0 1.0 1.0 1.0 2.0 1.0 
1.0 1.0 1.0 1.0 1.0 1.0 1.0 1.0 
1.0 1.0 1.0 1.0 2.0 1.0 1.0 1.0 
1.0 1.0 1.0 1.0 2.0 1.0 1.0 3.0 
1.0 1.0 1.0 1.0 1.0 1.0 2.0 4.0 
1.0 1.0 1.0 1.0 2.0 1.0 2.0 3.0 
6.850143999999999 1.0 4.0 1.0 2.0 1.0 1.0 4.0 
9.421821207833972 1.0 4.0 1.0 1.0 3.0 1.0 3.0 
10.66780613548203 1.0 1.0 1.0 1.0 4.0 1.0 1.0 
11.85460613548203 1.0 1.0 1.0 1.0 3.0 1.0 1.0 
12.969588924350255 1.0 1.0 1.0 1.0 2.0 1.0 2.0 
12.969588924350255 1.0 1.0 1.0 1.0 2.0 1.0 2.0 
13.922720741505536 1.0 2.0 1.0 1.0 4.0 1.0 1.0 
13.922720741505536 2.0 2.0 1.0 2.0 4.0 1.0 1.0 
13.922720741505536 2.0 1.0 1.0 2.0 3.0 2.0 1.0 
13.922720741505536 1.0 1.0 1.0 1.0 3.0 3.0 1.0 
13.922720741505536 1.0 1.0 1.0 1.0 2.0 3.0 1.0 
13.922720741505536 1.0 1.0 1.0 2.0 1.0 3.0 1.0 
13.922720741505536 1.0 1.0 1.0 2.0 2.0 2.0 1.0 
13.922720741505536 1.0 1.0 1.0 1.0 2.0 1.0 1.0 
12.969588924350255 1.0 3.0 1.0 1.0 1.0 1.0 1.0 
12.969588924350255 1.0 3.0 1.0 1.0 1.0 1.0 1.0 
11.85460613548203 1.0 1.0 1.0 1.0 1.0 1.0 1.0 
10.66780613548203 1.0 1.0 1.0 1.0 1.0 2.0 1.0 
9.421821207833972 1.0 1.0 1.0 1.0 3.0 2.0 1.0 
6.850143999999999 1.0 1.0 1.0 1.0 3.0 1.0 1.0 
1.0 1.0 1.0 1.0 1.0 1.0 1.0 1.0 
1.0 1.0 1.0 1.0 1.0 1.0 1.0 1.0 
1.0 1.0 1.0 1.0 1.0 1.0 1.0 1.0 
1.0 1.0 2.0 1.0 1.0 1.0 1.0 1.0 
1.0 1.0 2.0 1.0 1.0 1.0 1.0 2.0 
1.0 1.0 1.0 1.0 1.0 1.0 2.0 2.0 
1.0 1.0 1.0 1.0 1.0 1.0 2.0 2.0 
7.3808560000000005 1.0 1.0 1.0 1.0 2.0 1.0 3.0 
10.17787576494674 1.0 1.0 1.0 1.0 3.0 1.0 2.0 
11.523865673524382 1.0 1.0 1.0 1.0 2.0 1.0 1.0 
12.795990765175551 1.0 1.0 1.0 1.0 1.0 1.0 1.0 
13.982790765175551 1.0 1.0 1.0 1.0 1.0 1.0 2.0 
13.982790765175551 1.0 1.0 1.0 1.0 1.0 1.0 2.0 
14.987048156647637 1.0 1.0 1.0 1.0 2.0 1.0 1.0 
14.987048156647637 2.0 2.0 1.0 1.0 3.0 1.0 1.0 
14.987048156647637 3.0 2.0 1.0 1.0 3.0 1.0 1.0 
14.987048156647637 1.0 1.0 1.0 1.0 2.0 2.0 1.0 
14.987048156647637 1.0 1.0 1.0 1.0 1.0 3.0 1.0 
14.987048156647637 1.0 1.0 1.0 1.0 2.0 3.0 1.0 
14.987048156647637 1.0 1.0 1.0 1.0 3.0 2.0 1.0 
14.987048156647637 1.0 1.0 1.0 1.0 2.0 1.0 1.0 
13.982790765175551 1.0 1.0 1.0 1.0 1.0 1.0 1.0 
13.982790765175551 1.0 1.0 1.0 1.0 1.0 1.0 1.0 
12.795990765175551 1.0 1.0 1.0 1.0 1.0 1.0 1.0 
11.523865673524382 1.0 1.0 1.0 1.0 2.0 2.0 1.0 
10.17787576494674 1.0 1.0 1.0 1.0 4.0 2.0 1.0 
7.3808560000000005 1.0 1.0 1.0 1.0 3.0 1.0 1.0 
1.0 1.0 1.0 1.0 1.0 1.0 1.0 1.0 
1.0 1.0 1.0 1.0 1.0 1.0 1.0 1.0 
1.0 1.0 1.0 1.0 1.0 1.0 1.0 1.0 
1.0 1.0 2.0 1.0 1.0 1.0 1.0 1.0 
1.0 1.0 2.0 1.0 1.0 1.0 1.0 1.0 
1.0 1.0 1.0 1.0 1.0 1.0 1.0 1.0 
1.0 1.0 1.0 1.0 1.0 1.0 1.0 1.0 
7.932736000000001 1.0 1.0 1.0 1.0 2.0 1.0 1.0 
10.95520092764806 1.0 2.0 1.0 1.0 2.0 1.0 1.0 
12.393876322082171 1.0 3.0 1.0 1.0 1.0 1.0 1.0 
13.739866230659809 1.0 2.0 1.0 1.0 1.0 1.0 1.0 
14.985851158307863 1.0 2.0 1.0 1.0 1.0 1.0 2.0 
14.985851158307863 1.0 3.0 1.0 1.0 1.0 1.0 2.0 
16.0299109232546 1.0 2.0 1.0 1.0 1.0 1.0 1.0 
16.0299109232546 1.0 3.0 1.0 1.0 1.0 1.0 1.0 
16.0299109232546 1.0 3.0 1.0 1.0 1.0 1.0 1.0 
16.0299109232546 1.0 1.0 1.0 1.0 1.0 1.0 1.0 
16.0299109232546 1.0 1.0 1.0 1.0 1.0 1.0 1.0 
16.0299109232546 1.0 1.0 1.0 1.0 2.0 1.0 1.0 
16.0299109232546 1.0 1.0 1.0 1.0 2.0 1.0 1.0 
16.0299109232546 1.0 1.0 1.0 1.0 1.0 1.0 1.0 
14.985851158307863 1.0 1.0 1.0 1.0 1.0 1.0 1.0 
14.985851158307863 1.0 1.0 1.0 1.0 1.0 1.0 1.0 
13.739866230659809 1.0 1.0 1.0 1.0 2.0 1.0 1.0 
12.393876322082171 1.0 1.0 1.0 1.0 4.0 1.0 1.0 
10.95520092764806 1.0 1.0 1.0 1.0 5.0 1.0 1.0 
7.932736000000001 1.0 1.0 1.0 1.0 3.0 1.0 1.0 
1.0 1.0 1.0 1.0 1.0 1.0 1.0 1.0 
1.0 1.0 1.0 1.0 1.0 1.0 1.0 1.0 
1.0 1.0 1.0 1.0 1.0 1.0 1.0 1.0 
1.0 1.0 1.0 1.0 1.0 1.0 1.0 1.0 
1.0 1.0 1.0 1.0 1.0 1.0 1.0 1.0 
1.0 1.0 1.0 1.0 1.0 1.0 1.0 1.0 
1.0 1.0 1.0 1.0 1.0 1.0 1.0 1.0 
8.505784 1.0 1.0 1.0 1.0 1.0 1.0 1.0 
11.73505139443411 1.0 2.0 1.0 1.0 1.0 1.0 1.0 
13.24628385825814 1.0 3.0 1.0 1.0 1.0 1.0 1.0 
14.644793740731508 1.0 2.0 1.0 1.0 1.0 1.0 1.0 
15.930632344648496 1.0 4.0 1.0 1.0 1.0 1.0 1.0 
15.930632344648496 1.0 5.0 1.0 1.0 1.0 1.0 1.0 
17.000133060576417 1.0 2.0 1.0 1.0 1.0 1.0 1.0 
17.000133060576417 1.0 2.0 1.0 1.0 1.0 1.0 1.0 
17.000133060576417 1.0 2.0 1.0 1.0 1.0 1.0 1.0 
17.000133060576417 1.0 3.0 1.0 1.0 1.0 1.0 1.0 
17.000133060576417 1.0 3.0 1.0 1.0 1.0 1.0 1.0 
17.000133060576417 1.0 1.0 1.0 1.0 1.0 1.0 1.0 
17.000133060576417 1.0 2.0 1.0 1.0 1.0 1.0 1.0 
17.000133060576417 1.0 2.0 1.0 1.0 1.0 1.0 1.0 
15.930632344648496 1.0 1.0 1.0 1.0 1.0 1.0 1.0 
15.930632344648496 1.0 1.0 1.0 1.0 1.0 1.0 1.0 
14.644793740731508 1.0 1.0 1.0 1.0 2.0 1.0 1.0 
13.24628385825814 1.0 1.0 1.0 2.0 3.0 1.0 1.0 
11.73505139443411 1.0 1.0 1.0 2.0 4.0 1.0 1.0 
8.505784 1.0 1.0 1.0 1.0 3.0 1.0 1.0 
1.0 1.0 1.0 1.0 1.0 1.0 1.0 1.0 
1.0 1.0 1.0 1.0 1.0 1.0 1.0 1.0 
1.0 1.0 1.0 1.0 1.0 1.0 1.0 1.0 
1.0 1.0 1.0 1.0 1.0 1.0 1.0 1.0 
1.0 1.0 1.0 1.0 1.0 1.0 1.0 1.0 
1.0 1.0 1.0 1.0 1.0 1.0 1.0 1.0 
1.0 1.0 1.0 1.0 1.0 1.0 1.0 1.0 
9.100000000000001 1.0 1.0 1.0 1.0 1.0 1.0 1.0 
12.435904000000003 1.0 1.0 1.0 1.0 1.0 1.0 1.0 
13.976512000000001 1.0 1.0 1.0 1.0 1.0 1.0 1.0 
15.394480000000001 1.0 1.0 1.0 1.0 1.0 1.0 1.0 
16.694512000000003 1.0 3.0 1.0 1.0 1.0 1.0 1.0 
16.694512000000003 1.0 3.0 1.0 1.0 1.0 1.0 1.0 
17.772784 1.0 1.0 1.0 1.0 1.0 1.0 1.0 
17.772784 1.0 1.0 1.0 1.0 1.0 1.0 1.0 
17.772784 1.0 1.0 1.0 1.0 1.0 1.0 1.0 
17.772784 1.0 3.0 1.0 1.0 1.0 1.0 1.0 
17.772784 1.0 3.0 1.0 1.0 1.0 1.0 1.0 
17.772784 1.0 1.0 1.0 1.0 1.0 1.0 1.0 
17.772784 1.0 2.0 1.0 1.0 1.0 1.0 1.0 
17.772784 1.0 2.0 1.0 1.0 1.0 1.0 1.0 
16.694512000000003 1.0 1.0 1.0 1.0 1.0 1.0 1.0 
16.694512000000003 1.0 1.0 1.0 1.0 1.0 1.0 1.0 
15.394480000000001 1.0 1.0 1.0 1.0 1.0 1.0 1.0 
13.976512000000001 1.0 1.0 1.0 2.0 1.0 1.0 1.0 
12.435904000000003 1.0 1.0 1.0 2.0 2.0 1.0 1.0 
9.100000000000001 1.0 1.0 1.0 1.0 2.0 1.0 1.0 
1.0 1.0 1.0 1.0 1.0 1.0 1.0 1.0 
1.0 1.0 1.0 1.0 1.0 1.0 1.0 1.0 
