10.295207216457404 1.0 1.0 1.0 1.0 1.0 1.0 1.0 
10.295207216457404 1.0 1.0 1.0 1.0 1.0 1.0 1.0 
10.295207216457404 1.0 1.0 1.0 1.0 1.0 1.0 1.0 
10.295207216457404 2.0 1.0 1.0 1.0 1.0 1.0 1.0 
10.295207216457404 3.0 1.0 1.0 1.0 1.0 1.0 1.0 
10.295207216457404 1.0 1.0 1.0 1.0 1.0 1.0 1.0 
10.295207216457404 1.0 1.0 1.0 1.0 1.0 1.0 1.0 
9.577607216457404 1.0 1.0 1.0 1.0 1.0 1.0 1.0 
9.577607216457404 1.0 1.0 1.0 1.0 1.0 1.0 1.0 
8.75423301329327 1.0 1.0 1.0 1.0 1.0 1.0 1.0 
7.888928011045946 1.0 1.0 1.0 1.0 1.0 1.0 1.0 
6.991775326743104 1.0 1.0 1.0 1.0 1.0 1.0 1.0 
5.157568000000001 1.0 1.0 1.0 1.0 1.0 1.0 1.0 
1.0 1.0 1.0 1.0 1.0 1.0 1.0 1.0 
1.0 1.0 1.0 1.0 1.0 1.0 1.0 1.0 
1.0 1.0 1.0 1.0 1.0 1.0 1.0 1.0 
1.0 1.0 1.0 1.0 1.0 1.0 1.0 1.0 
1.0 1.0 1.0 1.0 1.0 1.0 1.0 1.0 
1.0 1.0 1.0 1.0 1.0 1.0 1.0 1.0 
1.0 1.0 1.0 1.0 1.0 1.0 1.0 1.0 
1.0 1.0 1.0 1.0 1.0 1.0 1.0 1.0 
1.0 1.0 1.0 1.0 1.0 1.0 1.0 1.0 
1.0 1.0 1.0 1.0 1.0 1.0 1.0 1.0 
1.0 1.0 1.0 1.0 1.0 1.0 1.0 1.0 
1.0 1.0 1.0 1.0 1.0 1.0 1.0 1.0 
1.0 1.0 1.0 1.0 1.0 1.0 1.0 1.0 
1.0 1.0 1.0 1.0 1.0 1.0 1.0 1.0 
11.403540596415098 1.0 1.0 1.0 1.0 1.0 1.0 1.0 
11.403540596415098 1.0 1.0 1.0 1.0 1.0 1.0 1.0 
11.403540596415098 1.0 1.0 1.0 1.0 1.0 1.0 1.0 
11.403540596415098 1.0 1.0 1.0 1.0 1.0 1.0 1.0 
11.403540596415098 1.0 1.0 1.0 1.0 1.0 1.0 1.0 
11.403540596415098 1.0 1.0 1.0 1.0 1.0 1.0 1.0 
11.403540596415098 1.0 1.0 1.0 1.0 1.0 1.0 1.0 
10.608419891799043 1.0 1.0 1.0 1.0 1.0 1.0 1.0 
10.608419891799043 1.0 1.0 1.0 1.0 1.0 1.0 1.0 
9.69131622842749 1.0 1.0 1.0 1.0 1.0 1.0 1.0 
8.72490561612337 1.0 1.0 1.0 1.0 1.0 1.0 1.0 
7.720603154452543 1.0 1.0 1.0 1.0 1.0 1.0 1.0 
5.664088000000001 1.0 1.0 1.0 1.0 1.0 1.0 1.0 
1.0 1.0 1.0 1.0 1.0 1.0 1.0 1.0 
1.0 1.0 1.0 1.0 1.0 1.0 1.0 1.0 
1.0 1.0 1.0 1.0 1.0 1.0 1.0 1.0 
1.0 1.0 1.0 1.0 1.0 1.0 1.0 1.0 
1.0 1.0 1.0 1.0 1.0 1.0 1.0 1.0 
1.0 1.0 1.0 1.0 1.0 1.0 1.0 1.0 
1.0 1.0 1.0 1.0 1.0 1.0 1.0 1.0 
1.0 1.0 1.0 1.0 1.0 1.0 1.0 1.0 
1.0 1.0 1.0 1.0 1.0 1.0 1.0 1.0 
1.0 1.0 1.0 1.0 1.0 1.0 1.0 1.0 
1.0 1.0 1.0 1.0 1.0 1.0 1.0 1.0 
1.0 1.0 1.0 1.0 1.0 1.0 1.0 1.0 
1.0 1.0 1.0 1.0 1.0 1.0 1.0 1.0 
1.0 1.0 1.0 1.0 1.0 1.0 1.0 1.0 
12.559530949119582 1.0 1.0 1.0 1.0 1.0 1.0 1.0 
12.559530949119582 1.0 1.0 1.0 1.0 1.0 1.0 1.0 
12.559530949119582 1.0 1.0 1.0 1.0 1.0 1.0 1.0 
12.559530949119582 1.0 1.0 1.0 1.0 1.0 1.0 1.0 
12.559530949119582 1.0 1.0 1.0 1.0 1.0 1.0 1.0 
12.559530949119582 1.0 1.0 1.0 1.0 1.0 1.0 1.0 
12.559530949119582 1.0 1.0 1.0 1.0 1.0 1.0 1.0 
11.687989856448059 1.0 1.0 1.0 1.0 1.0 1.0 1.0 
11.687989856448059 1.0 1.0 1.0 1.0 1.0 1.0 1.0 
10.675809823576163 1.0 1.0 1.0 1.0 1.0 1.0 1.0 
9.60531917120306 1.0 1.0 1.0 1.0 1.0 1.0 1.0 
8.489278200328808 1.0 1.0 1.0 1.0 1.0 1.0 1.0 
6.1988319999999995 1.0 1.0 1.0 1.0 1.0 1.0 1.0 
1.0 1.0 1.0 1.0 1.0 1.0 1.0 1.0 
1.0 1.0 1.0 1.0 1.0 1.0 1.0 1.0 
1.0 1.0 1.0 1.0 1.0 1.0 1.0 1.0 
1.0 1.0 1.0 1.0 1.0 1.0 1.0 1.0 
1.0 1.0 1.0 1.0 1.0 1.0 1.0 1.0 
1.0 1.0 1.0 1.0 1.0 1.0 1.0 1.0 
1.0 1.0 1.0 1.0 1.0 1.0 1.0 1.0 
1.0 1.0 1.0 1.0 1.0 1.0 1.0 1.0 
1.0 1.0 1.0 1.0 1.0 1.0 1.0 1.0 
1.0 1.0 1.0 1.0 1.0 1.0 1.0 1.0 
1.0 1.0 1.0 1.0 1.0 1.0 1.0 1.0 
1.0 1.0 1.0 1.0 1.0 1.0 1.0 1.0 
1.0 1.0 1.0 1.0 1.0 1.0 1.0 1.0 
1.0 1.0 1.0 1.0 1.0 1.0 1.0 1.0 
13.756158269056222 1.0 1.0 1.0 1.0 1.0 1.0 1.0 
13.756158269056222 1.0 1.0 1.0 1.0 1.0 1.0 1.0 
13.756158269056222 1.0 1.0 1.0 1.0 1.0 1.0 1.0 
13.756158269056222 1.0 1.0 1.0 1.0 1.0 1.0 1.0 
13.756158269056222 1.0 1.0 1.0 1.0 1.0 1.0 1.0 
13.756158269056222 1.0 1.0 1.0 1.0 1.0 1.0 1.0 
13.756158269056222 1.0 1.0 1.0 1.0 1.0 1.0 1.0 
12.811378117330925 1.0 1.0 1.0 1.0 1.0 1.0 1.0 
12.811378117330925 1.0 1.0 1.0 1.0 1.0 1.0 1.0 
11.704740745625207 1.0 1.0 1.0 1.0 1.0 1.0 1.0 
10.528736668042518 1.0 1.0 1.0 1.0 1.0 1.0 1.0 
9.297264971261184 1.0 1.0 1.0 1.0 1.0 1.0 1.0 
6.761800000000001 1.0 1.0 1.0 1.0 1.0 1.0 1.0 
1.0 1.0 1.0 1.0 1.0 1.0 1.0 1.0 
1.0 1.0 1.0 1.0 1.0 1.0 1.0 1.0 
1.0 1.0 1.0 1.0 1.0 1.0 1.0 1.0 
1.0 1.0 1.0 1.0 1.0 1.0 1.0 1.0 
1.0 1.0 1.0 1.0 1.0 1.0 1.0 1.0 
1.0 1.0 1.0 1.0 1.0 1.0 1.0 1.0 
1.0 1.0 1.0 1.0 1.0 1.0 1.0 1.0 
1.0 1.0 1.0 1.0 1.0 1.0 1.0 1.0 
1.0 1.0 1.0 1.0 1.0 1.0 1.0 1.0 
1.0 1.0 1.0 1.0 1.0 1.0 1.0 1.0 
1.0 1.0 1.0 1.0 1.0 1.0 1.0 1.0 
1.0 1.0 1.0 1.0 1.0 1.0 1.0 1.0 
1.0 1.0 1.0 1.0 1.0 1.0 1.0 1.0 
1.0 1.0 1.0 1.0 1.0 1.0 1.0 1.0 
14.98258588053782 1.0 1.0 1.0 1.0 1.0 1.0 1.0 
14.98258588053782 1.0 1.0 1.0 1.0 1.0 1.0 1.0 
14.98258588053782 1.0 1.0 1.0 1.0 1.0 1.0 1.0 
14.98258588053782 1.0 1.0 1.0 1.0 2.0 1.0 1.0 
14.98258588053782 1.0 2.0 1.0 1.0 3.0 1.0 1.0 
14.98258588053782 1.0 2.0 1.0 1.0 2.0 1.0 2.0 
14.98258588053782 1.0 1.0 1.0 1.0 1.0 2.0 2.0 
13.970405847665925 1.0 2.0 1.0 1.0 2.0 2.0 1.0 
13.970405847665925 1.0 2.0 1.0 1.0 3.0 1.0 1.0 
12.772887785884908 1.0 1.0 1.0 1.0 3.0 1.0 1.0 
11.492487785884908 1.0 1.0 1.0 1.0 3.0 1.0 1.0 
10.143520684302842 1.0 1.0 1.0 1.0 3.0 1.0 1.0 
7.3529919999999995 1.0 1.0 2.0 1.0 2.0 1.0 1.0 
1.0 1.0 1.0 2.0 1.0 2.0 1.0 1.0 
1.0 1.0 1.0 2.0 1.0 2.0 1.0 1.0 
1.0 1.0 1.0 3.0 1.0 1.0 1.0 1.0 
1.0 1.0 1.0 3.0 1.0 1.0 1.0 1.0 
1.0 1.0 1.0 3.0 1.0 1.0 1.0 1.0 
1.0 1.0 1.0 2.0 2.0 1.0 1.0 1.0 
1.0 1.0 1.0 1.0 2.0 2.0 1.0 1.0 
1.0 1.0 1.0 1.0 2.0 2.0 1.0 1.0 
1.0 1.0 1.0 1.0 2.0 1.0 1.0 2.0 
1.0 1.0 2.0 1.0 1.0 2.0 1.0 2.0 
1.0 1.0 2.0 1.0 2.0 2.0 1.0 1.0 
1.0 1.0 1.0 1.0 2.0 2.0 1.0 1.0 
1.0 1.0 1.0 1.0 1.0 3.0 1.0 1.0 
1.0 1.0 1.0 1.0 1.0 2.0 1.0 1.0 
16.221264186019066 1.0 1.0 1.0 1.0 3.0 1.0 1.0 
16.221264186019066 1.0 1.0 1.0 2.0 2.0 1.0 1.0 
16.221264186019066 1.0 1.0 1.0 2.0 1.0 2.0 1.0 
16.221264186019066 1.0 1.0 1.0 1.0 2.0 3.0 1.0 
16.221264186019066 1.0 2.0 1.0 1.0 4.0 2.0 1.0 
16.221264186019066 1.0 2.0 1.0 1.0 4.0 1.0 2.0 
16.221264186019066 6.0 1.0 1.0 1.0 3.0 2.0 2.0 
15.150773533645966 6.0 2.0 1.0 1.0 3.0 3.0 1.0 
15.150773533645966 1.0 2.0 1.0 1.0 4.0 2.0 1.0 
13.870373533645965 1.0 1.0 1.0 1.0 5.0 1.0 1.0 
12.491050987310203 1.0 1.0 1.0 1.0 5.0 1.0 1.0 
11.025728970874255 1.0 1.0 1.0 1.0 5.0 1.0 1.0 
7.972408000000001 1.0 1.0 3.0 1.0 3.0 1.0 1.0 
1.0 1.0 1.0 4.0 1.0 2.0 1.0 1.0 
1.0 1.0 1.0 4.0 1.0 2.0 1.0 1.0 
1.0 1.0 1.0 5.0 1.0 1.0 1.0 1.0 
1.0 1.0 1.0 5.0 1.0 1.0 1.0 1.0 
1.0 1.0 1.0 4.0 1.0 2.0 1.0 1.0 
1.0 1.0 1.0 2.0 3.0 2.0 1.0 1.0 
1.0 1.0 1.0 1.0 3.0 3.0 1.0 1.0 
1.0 1.0 1.0 1.0 2.0 4.0 1.0 1.0 
1.0 1.0 1.0 2.0 2.0 2.0 1.0 2.0 
1.0 1.0 2.0 2.0 2.0 2.0 1.0 2.0 
1.0 1.0 2.0 1.0 4.0 2.0 1.0 1.0 
1.0 1.0 1.0 1.0 3.0 3.0 1.0 1.0 
1.0 1.0 1.0 1.0 1.0 4.0 2.0 1.0 
1.0 1.0 1.0 1.0 1.0 2.0 2.0 1.0 
17.441656221364845 1.0 3.0 1.0 1.0 5.0 1.0 1.0 
17.441656221364845 1.0 1.0 1.0 2.0 3.0 1.0 2.0 
17.441656221364845 1.0 1.0 1.0 3.0 1.0 2.0 2.0 
17.441656221364845 1.0 2.0 1.0 2.0 2.0 3.0 1.0 
17.441656221364845 1.0 2.0 1.0 1.0 4.0 2.0 1.0 
17.441656221364845 1.0 1.0 1.0 1.0 5.0 1.0 1.0 
17.441656221364845 6.0 1.0 1.0 1.0 5.0 1.0 1.0 
16.32561525049059 11.0 1.0 1.0 1.0 4.0 2.0 1.0 
16.32561525049059 1.0 1.0 1.0 1.0 4.0 2.0 1.0 
14.976648148908524 1.0 1.0 1.0 1.0 5.0 1.0 1.0 
13.511326132472576 1.0 1.0 1.0 1.0 5.0 1.0 1.0 
11.937655101582068 1.0 1.0 1.0 1.0 5.0 1.0 1.0 
8.620047999999999 1.0 1.0 2.0 1.0 4.0 1.0 1.0 
1.0 1.0 1.0 4.0 1.0 2.0 1.0 1.0 
1.0 1.0 2.0 5.0 1.0 1.0 1.0 1.0 
1.0 1.0 2.0 5.0 1.0 1.0 1.0 1.0 
1.0 1.0 1.0 5.0 1.0 1.0 1.0 1.0 
1.0 1.0 1.0 3.0 2.0 2.0 1.0 1.0 
1.0 1.0 1.0 1.0 3.0 3.0 1.0 1.0 
1.0 1.0 1.0 1.0 2.0 4.0 1.0 1.0 
1.0 1.0 1.0 1.0 2.0 4.0 1.0 1.0 
1.0 1.0 1.0 2.0 2.0 3.0 1.0 1.0 
1.0 1.0 1.0 2.0 2.0 3.0 1.0 1.0 
1.0 1.0 2.0 1.0 3.0 3.0 1.0 1.0 
1.0 1.0 2.0 1.0 2.0 4.0 1.0 1.0 
1.0 1.0 1.0 2.0 1.0 3.0 2.0 1.0 
1.0 1.0 1.0 2.0 1.0 1.0 2.0 1.0 
18.58299050943449 1.0 3.0 1.0 1.0 3.0 2.0 2.0 
18.58299050943449 1.0 2.0 1.0 1.0 2.0 3.0 2.0 
18.58299050943449 1.0 2.0 1.0 2.0 1.0 2.0 3.0 
18.58299050943449 1.0 2.0 1.0 2.0 3.0 1.0 2.0 
18.58299050943449 1.0 2.0 1.0 1.0 5.0 1.0 1.0 
18.58299050943449 1.0 1.0 1.0 2.0 4.0 1.0 1.0 
18.58299050943449 1.0 1.0 1.0 3.0 3.0 1.0 1.0 
17.43776740927009 1.0 1.0 2.0 2.0 3.0 1.0 1.0 
17.43776740927009 1.0 1.0 3.0 1.0 3.0 1.0 1.0 
16.04250306711867 1.0 3.0 2.0 1.0 4.0 1.0 1.0 
14.515842581681545 1.0 3.0 2.0 1.0 4.0 1.0 1.0 
12.85703903089051 1.0 1.0 2.0 1.0 3.0 1.0 2.0 
9.295912000000001 1.0 2.0 1.0 1.0 3.0 1.0 3.0 
1.0 1.0 7.0 2.0 1.0 2.0 2.0 2.0 
1.0 1.0 7.0 3.0 1.0 1.0 3.0 1.0 
1.0 1.0 3.0 3.0 1.0 2.0 2.0 1.0 
1.0 1.0 2.0 3.0 1.0 3.0 1.0 1.0 
1.0 1.0 1.0 2.0 2.0 3.0 1.0 1.0 
1.0 1.0 1.0 2.0 2.0 3.0 1.0 1.0 
1.0 1.0 1.0 2.0 2.0 3.0 1.0 1.0 
1.0 1.0 1.0 1.0 4.0 2.0 1.0 1.0 
1.0 1.0 1.0 1.0 3.0 2.0 1.0 1.0 
1.0 1.0 2.0 1.0 1.0 3.0 1.0 1.0 
1.0 1.0 3.0 1.0 2.0 3.0 1.0 1.0 
1.0 1.0 2.0 1.0 2.0 3.0 1.0 1.0 
1.0 1.0 1.0 2.0 1.0 2.0 1.0 1.0 
1.0 1.0 1.0 2.0 1.0 1.0 1.0 1.0 
19.496912000000005 1.0 1.0 1.0 1.0 3.0 2.0 2.0 
19.496912000000005 1.0 2.0 1.0 1.0 3.0 3.0 1.0 
19.496912000000005 1.0 2.0 1.0 1.0 2.0 2.0 3.0 
19.496912000000005 1.0 3.0 2.0 1.0 2.0 1.0 3.0 
19.496912000000005 1.0 3.0 2.0 1.0 3.0 1.0 2.0 
19.496912000000005 1.0 1.0 1.0 3.0 2.0 1.0 2.0 
19.496912000000005 1.0 1.0 2.0 4.0 1.0 1.0 1.0 
18.341616000000005 1.0 1.0 4.0 2.0 1.0 1.0 1.0 
18.341616000000005 1.0 1.0 5.0 1.0 1.0 1.0 1.0 
16.929840000000002 1.0 3.0 3.0 1.0 2.0 2.0 1.0 
15.380416 1.0 3.0 2.0 1.0 2.0 2.0 2.0 
13.687072 1.0 3.0 2.0 1.0 2.0 1.0 3.0 
10.0 1.0 7.0 1.0 2.0 2.0 1.0 3.0 
1.0 1.0 13.0 1.0 3.0 1.0 2.0 2.0 
1.0 1.0 9.0 1.0 2.0 2.0 3.0 1.0 
1.0 1.0 2.0 1.0 1.0 3.0 3.0 1.0 
1.0 1.0 2.0 1.0 1.0 4.0 2.0 1.0 
1.0 1.0 1.0 1.0 1.0 5.0 1.0 1.0 
1.0 1.0 1.0 2.0 1.0 4.0 1.0 1.0 
1.0 1.0 1.0 2.0 2.0 3.0 1.0 1.0 
1.0 1.0 1.0 1.0 3.0 3.0 1.0 1.0 
1.0 1.0 1.0 1.0 2.0 2.0 2.0 1.0 
1.0 1.0 2.0 1.0 1.0 1.0 2.0 1.0 
1.0 1.0 2.0 1.0 2.0 1.0 1.0 1.0 
1.0 1.0 1.0 1.0 2.0 1.0 1.0 1.0 
1.0 1.0 1.0 1.0 1.0 1.0 1.0 1.0 
1.0 1.0 1.0 1.0 1.0 1.0 1.0 1.0 
18.58299050943449 1.0 1.0 1.0 2.0 4.0 1.0 1.0 
18.58299050943449 1.0 1.0 1.0 1.0 5.0 1.0 1.0 
18.58299050943449 1.0 2.0 1.0 1.0 3.0 1.0 3.0 
18.58299050943449 1.0 5.0 2.0 1.0 2.0 1.0 3.0 
18.58299050943449 1.0 4.0 2.0 1.0 3.0 1.0 2.0 
18.58299050943449 1.0 1.0 2.0 2.0 2.0 1.0 2.0 
18.58299050943449 1.0 2.0 4.0 2.0 1.0 1.0 1.0 
17.43776740927009 1.0 2.0 5.0 1.0 1.0 1.0 1.0 
17.43776740927009 1.0 3.0 4.0 1.0 2.0 1.0 1.0 
16.04250306711867 1.0 4.0 2.0 2.0 2.0 2.0 1.0 
14.515842581681545 1.0 2.0 1.0 3.0 1.0 2.0 2.0 
12.85703903089051 1.0 3.0 1.0 3.0 2.0 1.0 2.0 
9.295912000000001 1.0 6.0 1.0 3.0 3.0 1.0 1.0 
1.0 1.0 7.0 1.0 4.0 2.0 1.0 1.0 
1.0 1.0 4.0 1.0 3.0 3.0 1.0 1.0 
1.0 1.0 1.0 1.0 1.0 4.0 2.0 1.0 
1.0 1.0 1.0 1.0 2.0 3.0 2.0 1.0 
1.0 1.0 1.0 1.0 3.0 3.0 1.0 1.0 
1.0 1.0 1.0 1.0 2.0 4.0 1.0 1.0 
1.0 1.0 1.0 2.0 1.0 4.0 1.0 1.0 
1.0 1.0 1.0 2.0 1.0 4.0 1.0 1.0 
1.0 1.0 1.0 1.0 1.0 3.0 2.0 1.0 
1.0 1.0 1.0 1.0 1.0 1.0 2.0 1.0 
1.0 1.0 1.0 1.0 1.0 1.0 1.0 1.0 
1.0 1.0 1.0 1.0 1.0 1.0 1.0 1.0 
1.0 1.0 1.0 1.0 1.0 1.0 1.0 1.0 
1.0 1.0 1.0 1.0 1.0 1.0 1.0 1.0 
17.441656221364845 1.0 1.0 1.0 2.0 4.0 1.0 1.0 
17.441656221364845 1.0 1.0 1.0 1.0 4.0 2.0 1.0 
17.441656221364845 1.0 2.0 1.0 1.0 3.0 2.0 2.0 
17.441656221364845 1.0 4.0 1.0 1.0 4.0 1.0 2.0 
17.441656221364845 1.0 3.0 1.0 1.0 5.0 1.0 1.0 
17.441656221364845 1.0 1.0 2.0 1.0 4.0 1.0 1.0 
17.441656221364845 1.0 2.0 3.0 1.0 3.0 1.0 1.0 
16.32561525049059 1.0 2.0 3.0 2.0 2.0 1.0 1.0 
16.32561525049059 1.0 3.0 2.0 3.0 2.0 1.0 1.0 
14.976648148908524 1.0 4.0 1.0 3.0 3.0 1.0 1.0 
13.511326132472576 1.0 2.0 1.0 4.0 2.0 1.0 1.0 
11.937655101582068 1.0 1.0 1.0 5.0 1.0 1.0 1.0 
8.620047999999999 1.0 1.0 1.0 3.0 3.0 1.0 1.0 
1.0 1.0 1.0 2.0 2.0 3.0 1.0 1.0 
1.0 1.0 1.0 2.0 2.0 3.0 1.0 1.0 
1.0 1.0 1.0 1.0 1.0 5.0 1.0 1.0 
1.0 1.0 1.0 1.0 3.0 3.0 1.0 1.0 
1.0 1.0 1.0 1.0 5.0 1.0 1.0 1.0 
1.0 1.0 1.0 1.0 3.0 3.0 1.0 1.0 
1.0 1.0 1.0 2.0 1.0 4.0 1.0 1.0 
1.0 1.0 1.0 2.0 1.0 3.0 1.0 1.0 
1.0 1.0 1.0 1.0 1.0 2.0 1.0 1.0 
1.0 1.0 1.0 1.0 1.0 1.0 1.0 1.0 
1.0 1.0 1.0 1.0 1.0 1.0 1.0 1.0 
1.0 1.0 1.0 1.0 1.0 1.0 1.0 1.0 
1.0 1.0 1.0 1.0 2.0 1.0 1.0 1.0 
1.0 1.0 1.0 1.0 2.0 1.0 1.0 1.0 
16.221264186019066 1.0 1.0 1.0 1.0 5.0 1.0 1.0 
16.221264186019066 1.0 1.0 1.0 1.0 3.0 3.0 1.0 
16.221264186019066 1.0 2.0 1.0 1.0 3.0 3.0 1.0 
16.221264186019066 1.0 4.0 1.0 1.0 5.0 1.0 1.0 
16.221264186019066 1.0 3.0 1.0 1.0 5.0 1.0 1.0 
16.221264186019066 1.0 1.0 1.0 1.0 5.0 1.0 1.0 
16.221264186019066 1.0 2.0 1.0 1.0 4.0 1.0 2.0 
15.150773533645966 1.0 2.0 1.0 2.0 3.0 1.0 2.0 
15.150773533645966 1.0 1.0 2.0 3.0 2.0 1.0 1.0 
13.870373533645965 1.0 1.0 2.0 3.0 2.0 1.0 1.0 
12.491050987310203 1.0 1.0 2.0 3.0 2.0 1.0 1.0 
11.025728970874255 1.0 1.0 3.0 3.0 1.0 1.0 1.0 
7.972408000000001 1.0 2.0 3.0 2.0 2.0 1.0 1.0 
1.0 1.0 3.0 3.0 2.0 2.0 1.0 1.0 
1.0 1.0 3.0 2.0 2.0 3.0 1.0 1.0 
1.0 1.0 2.0 2.0 1.0 4.0 1.0 1.0 
1.0 1.0 1.0 3.0 2.0 2.0 1.0 1.0 
1.0 1.0 1.0 2.0 4.0 1.0 1.0 1.0 
1.0 1.0 2.0 1.0 3.0 3.0 1.0 1.0 
1.0 1.0 2.0 1.0 1.0 5.0 1.0 1.0 
1.0 1.0 1.0 1.0 1.0 3.0 1.0 1.0 
1.0 1.0 1.0 1.0 1.0 1.0 1.0 1.0 
1.0 1.0 1.0 1.0 1.0 1.0 1.0 1.0 
1.0 1.0 1.0 1.0 1.0 1.0 1.0 1.0 
1.0 1.0 1.0 1.0 1.0 1.0 1.0 1.0 
1.0 1.0 1.0 1.0 2.0 1.0 2.0 1.0 
1.0 1.0 1.0 1.0 2.0 1.0 2.0 1.0 
14.98258588053782 1.0 1.0 1.0 1.0 4.0 2.0 1.0 
14.98258588053782 1.0 1.0 1.0 1.0 3.0 3.0 1.0 
14.98258588053782 1.0 2.0 1.0 1.0 4.0 2.0 1.0 
14.98258588053782 1.0 3.0 1.0 1.0 5.0 1.0 1.0 
14.98258588053782 1.0 2.0 1.0 1.0 5.0 1.0 1.0 
18.211785880537814 1.0 1.0 1.0 1.0 5.0 1.0 1.0 
19.637337582276025 1.0 2.0 1.0 1.0 4.0 1.0 2.0 
19.323694520665317 1.0 2.0 2.0 1.0 3.0 1.0 2.0 
19.999245601843192 1.0 1.0 4.0 1.0 2.0 1.0 1.0 
19.446558933624846 1.0 1.0 4.0 2.0 1.0 1.0 1.0 
18.166158933624853 1.0 1.0 3.0 2.0 2.0 1.0 1.0 
17.382447987208167 1.0 1.0 3.0 1.0 3.0 1.0 1.0 
14.591919302905325 1.0 3.0 4.0 1.0 2.0 1.0 1.0 
8.238927302905319 1.0 4.0 3.0 2.0 2.0 1.0 1.0 
8.238927302905319 1.0 4.0 1.0 2.0 4.0 1.0 1.0 
8.238927302905319 1.0 3.0 3.0 1.0 3.0 1.0 1.0 
8.238927302905319 1.0 1.0 4.0 1.0 2.0 1.0 1.0 
8.238927302905319 1.0 1.0 3.0 2.0 2.0 1.0 1.0 
8.238927302905319 1.0 3.0 2.0 2.0 2.0 1.0 2.0 
7.673671147739938 1.0 3.0 1.0 1.0 3.0 1.0 2.0 
7.673671147739938 1.0 1.0 1.0 1.0 2.0 1.0 1.0 
7.028839754177272 1.0 1.0 1.0 1.0 1.0 1.0 1.0 
6.353288672999395 1.0 1.0 1.0 1.0 1.0 1.0 1.0 
5.654751701738212 1.0 1.0 1.0 1.0 1.0 1.0 1.0 
4.2292000000000005 1.0 1.0 1.0 1.0 1.0 1.0 1.0 
1.0 1.0 1.0 1.0 1.0 1.0 3.0 1.0 
1.0 1.0 1.0 1.0 1.0 1.0 3.0 1.0 
13.756158269056222 1.0 1.0 1.0 1.0 4.0 2.0 1.0 
13.756158269056222 1.0 1.0 1.0 1.0 4.0 2.0 1.0 
13.756158269056222 1.0 1.0 1.0 1.0 5.0 1.0 1.0 
13.756158269056222 1.0 1.0 1.0 1.0 5.0 1.0 1.0 
13.756158269056222 1.0 1.0 1.0 1.0 5.0 1.0 1.0 
17.435430269056226 1.0 1.0 1.0 1.0 5.0 1.0 1.0 
19.059255332962763 1.0 3.0 1.0 2.0 4.0 1.0 1.0 
18.90959588585352 1.0 3.0 3.0 2.0 2.0 1.0 1.0 
19.677737342164903 1.0 1.0 5.0 1.0 1.0 1.0 1.0 
19.303414265292528 1.0 1.0 4.0 1.0 2.0 1.0 1.0 
18.127410187709838 1.0 1.0 2.0 1.0 4.0 1.0 1.0 
17.536512540236345 1.0 1.0 1.0 1.0 5.0 1.0 1.0 
15.001047568975158 1.0 2.0 2.0 2.0 3.0 1.0 1.0 
9.23924756897515 1.0 2.0 2.0 2.0 3.0 1.0 1.0 
9.23924756897515 1.0 3.0 1.0 1.0 5.0 1.0 1.0 
9.23924756897515 1.0 3.0 2.0 1.0 3.0 2.0 1.0 
9.23924756897515 1.0 1.0 2.0 1.0 3.0 2.0 1.0 
9.23924756897515 1.0 1.0 3.0 1.0 3.0 1.0 1.0 
9.23924756897515 1.0 2.0 4.0 1.0 1.0 1.0 2.0 
8.598673519667312 1.0 2.0 2.0 1.0 1.0 1.0 2.0 
8.598673519667312 1.0 2.0 1.0 1.0 1.0 1.0 1.0 
7.86635922483397 1.0 2.0 1.0 1.0 1.0 1.0 1.0 
7.0982177685225905 1.0 1.0 1.0 1.0 1.0 1.0 1.0 
6.303097063906536 1.0 1.0 1.0 1.0 1.0 1.0 1.0 
4.679272 1.0 1.0 1.0 1.0 1.0 1.0 1.0 
1.0 1.0 1.0 1.0 1.0 2.0 2.0 1.0 
1.0 1.0 1.0 1.0 1.0 2.0 2.0 1.0 
12.559530949119582 1.0 1.0 1.0 1.0 4.0 1.0 1.0 
12.559530949119582 1.0 2.0 1.0 1.0 4.0 1.0 1.0 
12.559530949119582 1.0 2.0 1.0 1.0 5.0 1.0 1.0 
12.559530949119582 1.0 1.0 1.0 1.0 4.0 2.0 1.0 
12.559530949119582 1.0 2.0 1.0 1.0 3.0 2.0 2.0 
16.71709894911958 1.0 3.0 1.0 1.0 4.0 1.0 2.0 
18.551306275862682 1.0 4.0 1.0 3.0 3.0 1.0 1.0 
18.576917867494004 1.0 3.0 2.0 3.0 2.0 1.0 1.0 
19.44222286974133 1.0 1.0 3.0 1.0 3.0 1.0 1.0 
19.25341704003357 1.0 2.0 2.0 1.0 4.0 1.0 1.0 
18.182926387660466 1.0 2.0 1.0 2.0 4.0 1.0 1.0 
17.784485416786215 1.0 1.0 1.0 2.0 3.0 2.0 1.0 
15.494039216457404 1.0 1.0 1.0 2.0 3.0 2.0 1.0 
10.295207216457404 1.0 1.0 1.0 2.0 3.0 1.0 2.0 
10.295207216457404 1.0 2.0 1.0 1.0 4.0 1.0 2.0 
10.295207216457404 1.0 2.0 1.0 1.0 4.0 2.0 1.0 
10.295207216457404 1.0 1.0 1.0 1.0 4.0 2.0 1.0 
10.295207216457404 1.0 1.0 2.0 1.0 4.0 1.0 1.0 
10.295207216457404 1.0 1.0 3.0 2.0 2.0 1.0 1.0 
9.577607216457404 1.0 1.0 2.0 3.0 1.0 1.0 1.0 
9.577607216457404 1.0 2.0 1.0 2.0 1.0 1.0 1.0 
8.75423301329327 1.0 2.0 1.0 1.0 1.0 1.0 1.0 
7.888928011045946 1.0 1.0 1.0 1.0 1.0 1.0 1.0 
6.991775326743104 1.0 1.0 1.0 1.0 1.0 1.0 1.0 
5.157568000000001 1.0 1.0 1.0 1.0 1.0 2.0 1.0 
1.0 1.0 1.0 1.0 1.0 3.0 2.0 1.0 
1.0 1.0 1.0 1.0 1.0 3.0 1.0 1.0 
11.403540596415098 1.0 1.0 1.0 1.0 2.0 2.0 1.0 
11.403540596415098 1.0 2.0 1.0 1.0 3.0 2.0 1.0 
11.403540596415098 1.0 2.0 1.0 1.0 5.0 1.0 1.0 
11.403540596415098 1.0 1.0 1.0 1.0 4.0 2.0 1.0 
11.403540596415098 1.0 3.0 1.0 2.0 2.0 2.0 2.0 
16.067628596415094 1.0 9.0 1.0 2.0 3.0 1.0 2.0 
18.12414375086764 1.0 7.0 1.0 2.0 4.0 1.0 1.0 
18.33332550792241 1.0 1.0 1.0 2.0 3.0 1.0 2.0 
19.299736120226534 1.0 1.0 1.0 1.0 4.0 1.0 2.0 
19.29973612022653 1.0 2.0 1.0 1.0 5.0 1.0 1.0 
18.333325507922407 1.0 2.0 1.0 3.0 3.0 1.0 1.0 
18.124143750867635 1.0 1.0 1.0 4.0 1.0 2.0 1.0 
16.06762859641509 1.0 2.0 1.0 2.0 3.0 2.0 1.0 
11.403540596415098 1.0 2.0 1.0 1.0 4.0 1.0 2.0 
11.403540596415098 1.0 1.0 1.0 1.0 4.0 1.0 2.0 
11.403540596415098 1.0 1.0 1.0 1.0 5.0 1.0 1.0 
11.403540596415098 1.0 1.0 1.0 1.0 5.0 1.0 1.0 
11.403540596415098 1.0 1.0 1.0 1.0 5.0 1.0 1.0 
11.403540596415098 1.0 1.0 2.0 2.0 3.0 1.0 1.0 
10.608419891799043 1.0 1.0 2.0 3.0 1.0 2.0 1.0 
10.608419891799043 1.0 1.0 1.0 2.0 2.0 2.0 1.0 
9.69131622842749 1.0 2.0 1.0 1.0 3.0 1.0 1.0 
8.72490561612337 1.0 3.0 1.0 1.0 2.0 1.0 1.0 
7.720603154452543 1.0 2.0 1.0 1.0 1.0 1.0 1.0 
5.664088000000001 1.0 1.0 1.0 1.0 2.0 2.0 1.0 
1.0 1.0 1.0 1.0 1.0 4.0 2.0 1.0 
1.0 1.0 1.0 1.0 1.0 3.0 1.0 1.0 
10.295207216457404 1.0 1.0 1.0 1.0 1.0 2.0 1.0 
10.295207216457404 1.0 1.0 1.0 1.0 3.0 2.0 1.0 
10.295207216457404 1.0 1.0 1.0 1.0 5.0 1.0 1.0 
10.295207216457404 1.0 2.0 1.0 1.0 5.0 1.0 1.0 
10.295207216457404 1.0 5.0 1.0 3.0 3.0 1.0 1.0 
15.494039216457404 1.0 11.0 1.0 4.0 2.0 1.0 1.0 
17.78448541678621 1.0 8.0 1.0 2.0 4.0 1.0 1.0 
18.182926387660462 1.0 1.0 1.0 1.0 4.0 1.0 2.0 
19.25341704003356 1.0 2.0 1.0 1.0 4.0 1.0 2.0 
19.442222869741325 1.0 2.0 1.0 1.0 5.0 1.0 1.0 
18.576917867494 1.0 1.0 1.0 2.0 4.0 1.0 1.0 
18.551306275862686 1.0 2.0 1.0 3.0 3.0 1.0 1.0 
16.71709894911958 1.0 4.0 1.0 2.0 4.0 1.0 1.0 
12.559530949119582 1.0 3.0 1.0 1.0 5.0 1.0 1.0 
12.559530949119582 1.0 1.0 1.0 1.0 5.0 1.0 1.0 
12.559530949119582 1.0 1.0 1.0 1.0 4.0 1.0 1.0 
12.559530949119582 1.0 1.0 1.0 1.0 4.0 1.0 1.0 
12.559530949119582 1.0 1.0 1.0 1.0 4.0 1.0 1.0 
12.559530949119582 1.0 1.0 2.0 1.0 3.0 1.0 1.0 
11.687989856448059 1.0 1.0 2.0 1.0 2.0 3.0 1.0 
11.687989856448059 1.0 1.0 1.0 1.0 2.0 4.0 1.0 
10.675809823576163 1.0 2.0 1.0 1.0 3.0 3.0 1.0 
9.60531917120306 1.0 3.0 1.0 1.0 2.0 3.0 1.0 
8.489278200328808 1.0 2.0 1.0 1.0 2.0 2.0 1.0 
6.1988319999999995 1.0 1.0 1.0 1.0 3.0 2.0 1.0 
1.0 1.0 1.0 1.0 1.0 3.0 3.0 1.0 
1.0 1.0 1.0 1.0 1.0 2.0 2.0 1.0 
9.23924756897515 1.0 1.0 1.0 1.0 1.0 1.0 1.0 
9.23924756897515 1.0 1.0 1.0 2.0 2.0 1.0 1.0 
9.23924756897515 1.0 1.0 1.0 2.0 3.0 1.0 2.0 
9.23924756897515 1.0 2.0 1.0 1.0 3.0 1.0 3.0 
9.23924756897515 1.0 4.0 1.0 3.0 2.0 1.0 2.0 
15.001047568975151 1.0 8.0 1.0 4.0 1.0 1.0 2.0 
17.53651254023633 1.0 6.0 1.0 2.0 3.0 1.0 2.0 
18.127410187709827 1.0 1.0 1.0 1.0 5.0 1.0 1.0 
19.303414265292517 1.0 2.0 1.0 1.0 5.0 1.0 1.0 
19.677737342164892 1.0 2.0 1.0 1.0 4.0 1.0 2.0 
18.909595885853513 1.0 1.0 1.0 1.0 4.0 1.0 2.0 
19.059255332962756 1.0 3.0 1.0 1.0 5.0 1.0 1.0 
17.435430269056223 1.0 4.0 1.0 2.0 4.0 1.0 1.0 
13.756158269056222 1.0 2.0 1.0 2.0 3.0 2.0 1.0 
13.756158269056222 1.0 1.0 1.0 1.0 4.0 2.0 1.0 
13.756158269056222 1.0 1.0 1.0 1.0 3.0 1.0 1.0 
13.756158269056222 1.0 1.0 1.0 2.0 2.0 1.0 1.0 
13.756158269056222 1.0 1.0 1.0 2.0 2.0 1.0 1.0 
13.756158269056222 1.0 1.0 1.0 1.0 2.0 1.0 1.0 
12.811378117330925 1.0 3.0 1.0 1.0 2.0 2.0 1.0 
12.811378117330925 1.0 3.0 1.0 1.0 1.0 3.0 1.0 
11.704740745625207 1.0 1.0 1.0 1.0 1.0 3.0 1.0 
10.528736668042518 1.0 1.0 1.0 1.0 1.0 3.0 1.0 
9.297264971261184 1.0 1.0 1.0 1.0 3.0 2.0 1.0 
6.761800000000001 1.0 1.0 1.0 1.0 3.0 2.0 1.0 
1.0 1.0 1.0 1.0 1.0 1.0 3.0 1.0 
1.0 1.0 1.0 1.0 1.0 1.0 2.0 1.0 
1.0 1.0 1.0 1.0 1.0 1.0 1.0 1.0 
1.0 1.0 1.0 1.0 2.0 1.0 1.0 1.0 
1.0 1.0 1.0 1.0 2.0 1.0 1.0 3.0 
1.0 1.0 1.0 1.0 1.0 1.0 2.0 4.0 
1.0 1.0 1.0 1.0 2.0 1.0 2.0 3.0 
7.3529919999999995 1.0 4.0 1.0 2.0 1.0 1.0 4.0 
10.143520684302842 1.0 4.0 1.0 1.0 3.0 1.0 3.0 
11.492487785884908 1.0 1.0 1.0 1.0 4.0 1.0 1.0 
12.772887785884908 1.0 1.0 1.0 1.0 3.0 1.0 1.0 
13.970405847665925 1.0 1.0 1.0 1.0 2.0 1.0 2.0 
13.970405847665925 1.0 1.0 1.0 1.0 2.0 1.0 2.0 
14.98258588053782 1.0 2.0 1.0 1.0 4.0 1.0 1.0 
14.98258588053782 1.0 2.0 1.0 2.0 4.0 1.0 1.0 
14.98258588053782 1.0 1.0 1.0 2.0 3.0 2.0 1.0 
14.98258588053782 1.0 1.0 1.0 1.0 3.0 3.0 1.0 
14.98258588053782 1.0 1.0 1.0 1.0 2.0 3.0 1.0 
14.98258588053782 1.0 1.0 1.0 2.0 1.0 3.0 1.0 
14.98258588053782 1.0 1.0 1.0 2.0 2.0 2.0 1.0 
14.98258588053782 1.0 1.0 1.0 1.0 2.0 1.0 1.0 
13.970405847665925 1.0 3.0 1.0 1.0 1.0 1.0 1.0 
13.970405847665925 1.0 3.0 1.0 1.0 1.0 1.0 1.0 
12.772887785884908 1.0 1.0 1.0 1.0 1.0 1.0 1.0 
11.492487785884908 1.0 1.0 1.0 1.0 1.0 2.0 1.0 
10.143520684302842 1.0 1.0 1.0 1.0 3.0 2.0 1.0 
7.3529919999999995 1.0 1.0 1.0 1.0 3.0 1.0 1.0 
1.0 1.0 1.0 1.0 1.0 1.0 1.0 1.0 
1.0 1.0 1.0 1.0 1.0 1.0 1.0 1.0 
1.0 1.0 1.0 1.0 1.0 1.0 1.0 1.0 
1.0 1.0 2.0 1.0 1.0 1.0 1.0 1.0 
1.0 1.0 2.0 1.0 1.0 1.0 1.0 2.0 
1.0 1.0 1.0 1.0 1.0 1.0 2.0 2.0 
1.0 1.0 1.0 1.0 1.0 1.0 2.0 2.0 
7.972408000000001 1.0 1.0 1.0 1.0 2.0 1.0 3.0 
11.025728970874255 1.0 1.0 1.0 1.0 3.0 1.0 2.0 
12.491050987310203 1.0 1.0 1.0 1.0 2.0 1.0 1.0 
13.870373533645965 1.0 1.0 1.0 1.0 1.0 1.0 1.0 
15.150773533645966 1.0 1.0 1.0 1.0 1.0 1.0 2.0 
15.150773533645966 1.0 1.0 1.0 1.0 1.0 1.0 2.0 
16.221264186019066 1.0 1.0 1.0 1.0 2.0 1.0 1.0 
16.221264186019066 1.0 2.0 1.0 1.0 3.0 1.0 1.0 
16.221264186019066 1.0 2.0 1.0 1.0 3.0 1.0 1.0 
16.221264186019066 1.0 1.0 1.0 1.0 2.0 2.0 1.0 
16.221264186019066 1.0 1.0 1.0 1.0 1.0 3.0 1.0 
16.221264186019066 1.0 1.0 1.0 1.0 2.0 3.0 1.0 
16.221264186019066 1.0 1.0 1.0 1.0 3.0 2.0 1.0 
16.221264186019066 1.0 1.0 1.0 1.0 2.0 1.0 1.0 
15.150773533645966 1.0 1.0 1.0 1.0 1.0 1.0 1.0 
15.150773533645966 1.0 1.0 1.0 1.0 1.0 1.0 1.0 
13.870373533645965 1.0 1.0 1.0 1.0 1.0 1.0 1.0 
12.491050987310203 1.0 1.0 1.0 1.0 2.0 2.0 1.0 
11.025728970874255 1.0 1.0 1.0 1.0 4.0 2.0 1.0 
7.972408000000001 1.0 1.0 1.0 1.0 3.0 1.0 1.0 
1.0 1.0 1.0 1.0 1.0 1.0 1.0 1.0 
1.0 1.0 1.0 1.0 1.0 1.0 1.0 1.0 
1.0 1.0 1.0 1.0 1.0 1.0 1.0 1.0 
1.0 1.0 2.0 1.0 1.0 1.0 1.0 1.0 
1.0 1.0 2.0 1.0 1.0 1.0 1.0 1.0 
1.0 1.0 1.0 1.0 1.0 1.0 1.0 1.0 
1.0 1.0 1.0 1.0 1.0 1.0 1.0 1.0 
8.620047999999999 1.0 1.0 1.0 1.0 2.0 1.0 1.0 
11.937655101582068 1.0 2.0 1.0 1.0 2.0 1.0 1.0 
13.511326132472576 1.0 3.0 1.0 1.0 1.0 1.0 1.0 
14.976648148908524 1.0 2.0 1.0 1.0 1.0 1.0 1.0 
16.32561525049059 1.0 2.0 1.0 1.0 1.0 1.0 2.0 
16.32561525049059 1.0 3.0 1.0 1.0 1.0 1.0 2.0 
17.441656221364845 1.0 2.0 1.0 1.0 1.0 1.0 1.0 
17.441656221364845 1.0 3.0 1.0 1.0 1.0 1.0 1.0 
17.441656221364845 1.0 3.0 1.0 1.0 1.0 1.0 1.0 
17.441656221364845 1.0 1.0 1.0 1.0 1.0 1.0 1.0 
17.441656221364845 1.0 1.0 1.0 1.0 1.0 1.0 1.0 
17.441656221364845 1.0 1.0 1.0 1.0 2.0 1.0 1.0 
17.441656221364845 1.0 1.0 1.0 1.0 2.0 1.0 1.0 
17.441656221364845 1.0 1.0 1.0 1.0 1.0 1.0 1.0 
16.32561525049059 1.0 1.0 1.0 1.0 1.0 1.0 1.0 
16.32561525049059 1.0 1.0 1.0 1.0 1.0 1.0 1.0 
14.976648148908524 1.0 1.0 1.0 1.0 2.0 1.0 1.0 
13.511326132472576 1.0 1.0 1.0 1.0 4.0 1.0 1.0 
11.937655101582068 1.0 1.0 1.0 1.0 5.0 1.0 1.0 
8.620047999999999 1.0 1.0 1.0 1.0 3.0 1.0 1.0 
1.0 1.0 1.0 1.0 1.0 1.0 1.0 1.0 
1.0 1.0 1.0 1.0 1.0 1.0 1.0 1.0 
1.0 1.0 1.0 1.0 1.0 1.0 1.0 1.0 
1.0 1.0 1.0 1.0 1.0 1.0 1.0 1.0 
1.0 1.0 1.0 1.0 1.0 1.0 1.0 1.0 
1.0 1.0 1.0 1.0 1.0 1.0 1.0 1.0 
1.0 1.0 1.0 1.0 1.0 1.0 1.0 1.0 
9.295912000000001 1.0 1.0 1.0 1.0 1.0 1.0 1.0 
12.85703903089051 1.0 2.0 1.0 1.0 1.0 1.0 1.0 
14.515842581681545 1.0 3.0 1.0 1.0 1.0 1.0 1.0 
16.04250306711867 1.0 2.0 1.0 1.0 1.0 1.0 1.0 
17.43776740927009 1.0 4.0 1.0 1.0 1.0 1.0 1.0 
17.43776740927009 1.0 5.0 1.0 1.0 1.0 1.0 1.0 
18.58299050943449 1.0 2.0 1.0 1.0 1.0 1.0 1.0 
18.58299050943449 1.0 2.0 1.0 1.0 1.0 1.0 1.0 
18.58299050943449 1.0 2.0 1.0 1.0 1.0 1.0 1.0 
18.58299050943449 1.0 3.0 1.0 1.0 1.0 1.0 1.0 
18.58299050943449 1.0 3.0 1.0 1.0 1.0 1.0 1.0 
18.58299050943449 1.0 1.0 1.0 1.0 1.0 1.0 1.0 
18.58299050943449 1.0 2.0 1.0 1.0 1.0 1.0 1.0 
18.58299050943449 1.0 2.0 1.0 1.0 1.0 1.0 1.0 
17.43776740927009 1.0 1.0 1.0 1.0 1.0 1.0 1.0 
17.43776740927009 1.0 1.0 1.0 1.0 1.0 1.0 1.0 
16.04250306711867 1.0 1.0 1.0 1.0 2.0 1.0 1.0 
14.515842581681545 1.0 1.0 1.0 2.0 3.0 1.0 1.0 
12.85703903089051 1.0 1.0 1.0 2.0 4.0 1.0 1.0 
9.295912000000001 1.0 1.0 1.0 1.0 3.0 1.0 1.0 
1.0 1.0 1.0 1.0 1.0 1.0 1.0 1.0 
1.0 1.0 1.0 1.0 1.0 1.0 1.0 1.0 
1.0 1.0 1.0 1.0 1.0 1.0 1.0 1.0 
1.0 1.0 1.0 1.0 1.0 1.0 1.0 1.0 
1.0 1.0 1.0 1.0 1.0 1.0 1.0 1.0 
1.0 1.0 1.0 1.0 1.0 1.0 1.0 1.0 
1.0 1.0 1.0 1.0 1.0 1.0 1.0 1.0 
10.0 1.0 1.0 1.0 1.0 1.0 1.0 1.0 
13.687072 1.0 1.0 1.0 1.0 1.0 1.0 1.0 
15.380416 1.0 1.0 1.0 1.0 1.0 1.0 1.0 
16.929840000000002 1.0 1.0 1.0 1.0 1.0 1.0 1.0 
18.341616000000005 1.0 3.0 1.0 1.0 1.0 1.0 1.0 
18.341616000000005 1.0 3.0 1.0 1.0 1.0 1.0 1.0 
19.496912000000005 1.0 1.0 1.0 1.0 1.0 1.0 1.0 
19.496912000000005 1.0 1.0 1.0 1.0 1.0 1.0 1.0 
19.496912000000005 1.0 1.0 1.0 1.0 1.0 1.0 1.0 
19.496912000000005 1.0 3.0 1.0 1.0 1.0 1.0 1.0 
19.496912000000005 1.0 3.0 1.0 1.0 1.0 1.0 1.0 
19.496912000000005 1.0 1.0 1.0 1.0 1.0 1.0 1.0 
19.496912000000005 1.0 2.0 1.0 1.0 1.0 1.0 1.0 
19.496912000000005 1.0 2.0 1.0 1.0 1.0 1.0 1.0 
18.341616000000005 1.0 1.0 1.0 1.0 1.0 1.0 1.0 
18.341616000000005 1.0 1.0 1.0 1.0 1.0 1.0 1.0 
16.929840000000002 1.0 1.0 1.0 1.0 1.0 1.0 1.0 
15.380416 1.0 1.0 1.0 2.0 1.0 1.0 1.0 
13.687072 1.0 1.0 1.0 2.0 2.0 1.0 1.0 
10.0 1.0 1.0 1.0 1.0 2.0 1.0 1.0 
1.0 1.0 1.0 1.0 1.0 1.0 1.0 1.0 
1.0 1.0 1.0 1.0 1.0 1.0 1.0 1.0 
