10.295207216457404 1.0 1.0 1.0 1.0 1.0 1.0 1.0 0.6815908932076415 
10.295207216457404 1.0 1.0 1.0 1.0 1.0 1.0 1.0 0.8665082428448871 
10.295207216457404 1.0 1.0 1.0 1.0 1.0 1.0 1.0 0.945438640068976 
10.295207216457404 2.0 1.0 1.0 1.0 1.0 1.0 1.0 0.540305830637732 
10.295207216457404 3.0 1.0 1.0 1.0 1.0 1.0 1.0 0.6345572482093321 
10.295207216457404 1.0 1.0 1.0 1.0 1.0 1.0 1.0 0.01598503313166566 
10.295207216457404 1.0 1.0 1.0 1.0 1.0 1.0 1.0 0.8425888231453125 
9.577607216457404 1.0 1.0 1.0 1.0 1.0 1.0 1.0 0.253674756695779 
9.577607216457404 1.0 1.0 1.0 1.0 1.0 1.0 1.0 0.1916731297716051 
8.75423301329327 1.0 1.0 1.0 1.0 1.0 1.0 1.0 0.7664735687023793 
7.888928011045946 1.0 1.0 1.0 1.0 1.0 1.0 1.0 0.6779055358730098 
6.991775326743104 1.0 1.0 1.0 1.0 1.0 1.0 1.0 0.4953467840671786 
5.157568000000001 1.0 1.0 1.0 1.0 1.0 1.0 1.0 0.3975890310257095 
1.0 1.0 1.0 1.0 1.0 1.0 1.0 1.0 0.7982894153426016 
1.0 1.0 1.0 1.0 1.0 1.0 1.0 1.0 0.9265313295116131 
1.0 1.0 1.0 1.0 1.0 1.0 1.0 1.0 0.6217758717955364 
1.0 1.0 1.0 1.0 1.0 1.0 1.0 1.0 0.17466853039827912 
1.0 1.0 1.0 1.0 1.0 1.0 1.0 1.0 0.31759730835629274 
1.0 1.0 1.0 1.0 1.0 1.0 1.0 1.0 0.6977650264836487 
1.0 1.0 1.0 1.0 1.0 1.0 1.0 1.0 0.9232839121488902 
1.0 1.0 1.0 1.0 1.0 1.0 1.0 1.0 0.8309389535277061 
1.0 1.0 1.0 1.0 1.0 1.0 1.0 1.0 0.9129362290314389 
1.0 1.0 1.0 1.0 1.0 1.0 1.0 1.0 0.17784577480415886 
1.0 1.0 1.0 1.0 1.0 1.0 1.0 1.0 0.14549008144915088 
1.0 1.0 1.0 1.0 1.0 1.0 1.0 1.0 0.2223315703727714 
1.0 1.0 1.0 1.0 1.0 1.0 1.0 1.0 0.5241017952209276 
1.0 1.0 1.0 1.0 1.0 1.0 1.0 1.0 0.8398355760463191 
11.403540596415098 1.0 1.0 1.0 1.0 1.0 1.0 1.0 0.015640978677271322 
11.403540596415098 1.0 1.0 1.0 1.0 1.0 1.0 1.0 0.2440301482770022 
11.403540596415098 1.0 1.0 1.0 1.0 1.0 1.0 1.0 0.5242782209835924 
11.403540596415098 1.0 1.0 1.0 1.0 1.0 1.0 1.0 0.43795701002603915 
11.403540596415098 1.0 1.0 1.0 1.0 1.0 1.0 1.0 0.2615394202390091 
11.403540596415098 1.0 1.0 1.0 1.0 1.0 1.0 1.0 0.07989299266526917 
11.403540596415098 1.0 1.0 1.0 1.0 1.0 1.0 1.0 0.5365767436087749 
10.608419891799043 1.0 1.0 1.0 1.0 1.0 1.0 1.0 0.08733707409421887 
10.608419891799043 1.0 1.0 1.0 1.0 1.0 1.0 1.0 0.7091253214302333 
9.69131622842749 1.0 1.0 1.0 1.0 1.0 1.0 1.0 0.7480534607920253 
8.72490561612337 1.0 1.0 1.0 1.0 1.0 1.0 1.0 0.9120214373948132 
7.720603154452543 1.0 1.0 1.0 1.0 1.0 1.0 1.0 0.03908983333819693 
5.664088000000001 1.0 1.0 1.0 1.0 1.0 1.0 1.0 0.7510523637846052 
1.0 1.0 1.0 1.0 1.0 1.0 1.0 1.0 0.19972052994274536 
1.0 1.0 1.0 1.0 1.0 1.0 1.0 1.0 0.662163024040065 
1.0 1.0 1.0 1.0 1.0 1.0 1.0 1.0 0.2078545674520179 
1.0 1.0 1.0 1.0 1.0 1.0 1.0 1.0 0.6662948963860889 
1.0 1.0 1.0 1.0 1.0 1.0 1.0 1.0 0.892563232164202 
1.0 1.0 1.0 1.0 1.0 1.0 1.0 1.0 0.02574948254138798 
1.0 1.0 1.0 1.0 1.0 1.0 1.0 1.0 0.6826020298187001 
1.0 1.0 1.0 1.0 1.0 1.0 1.0 1.0 0.08466431157438714 
1.0 1.0 1.0 1.0 1.0 1.0 1.0 1.0 0.08272247201244298 
1.0 1.0 1.0 1.0 1.0 1.0 1.0 1.0 0.37504267195918806 
1.0 1.0 1.0 1.0 1.0 1.0 1.0 1.0 0.9617697369513173 
1.0 1.0 1.0 1.0 1.0 1.0 1.0 1.0 0.03579544122433986 
1.0 1.0 1.0 1.0 1.0 1.0 1.0 1.0 0.6330790278801596 
1.0 1.0 1.0 1.0 1.0 1.0 1.0 1.0 0.31869174438645886 
12.559530949119582 1.0 1.0 1.0 1.0 1.0 1.0 1.0 0.8510852464046833 
12.559530949119582 1.0 1.0 1.0 1.0 1.0 1.0 1.0 0.07064532595323758 
12.559530949119582 1.0 1.0 1.0 1.0 1.0 1.0 1.0 0.06321821630943036 
12.559530949119582 1.0 1.0 1.0 1.0 1.0 1.0 1.0 0.06632089400027175 
12.559530949119582 1.0 1.0 1.0 1.0 1.0 1.0 1.0 0.9901354391688892 
12.559530949119582 1.0 1.0 1.0 1.0 1.0 1.0 1.0 0.13083636610652494 
12.559530949119582 1.0 1.0 1.0 1.0 1.0 1.0 1.0 0.2246528785785017 
11.687989856448059 1.0 1.0 1.0 1.0 1.0 1.0 1.0 0.6416733493216021 
11.687989856448059 1.0 1.0 1.0 1.0 1.0 1.0 1.0 0.13450093738336855 
10.675809823576163 1.0 1.0 1.0 1.0 1.0 1.0 1.0 0.9701877402777189 
9.60531917120306 1.0 1.0 1.0 1.0 1.0 1.0 1.0 0.4433355691838614 
8.489278200328808 1.0 1.0 1.0 1.0 1.0 1.0 1.0 0.3261329591174482 
6.1988319999999995 1.0 1.0 1.0 1.0 1.0 1.0 1.0 0.5808198500452771 
1.0 1.0 1.0 1.0 1.0 1.0 1.0 1.0 0.36442461035390084 
1.0 1.0 1.0 1.0 1.0 1.0 1.0 1.0 0.3276081329864001 
1.0 1.0 1.0 1.0 1.0 1.0 1.0 1.0 0.42061107598230263 
1.0 1.0 1.0 1.0 1.0 1.0 1.0 1.0 0.30304088909160587 
1.0 1.0 1.0 1.0 1.0 1.0 1.0 1.0 0.8834068156216822 
1.0 1.0 1.0 1.0 1.0 1.0 1.0 1.0 0.6038818853572508 
1.0 1.0 1.0 1.0 1.0 1.0 1.0 1.0 0.6282370833351462 
1.0 1.0 1.0 1.0 1.0 1.0 1.0 1.0 0.4598478746732556 
1.0 1.0 1.0 1.0 1.0 1.0 1.0 1.0 0.49709810418066047 
1.0 1.0 1.0 1.0 1.0 1.0 1.0 1.0 0.425591515572574 
1.0 1.0 1.0 1.0 1.0 1.0 1.0 1.0 0.5280155776640985 
1.0 1.0 1.0 1.0 1.0 1.0 1.0 1.0 0.7675217321286033 
1.0 1.0 1.0 1.0 1.0 1.0 1.0 1.0 0.680583420823951 
1.0 1.0 1.0 1.0 1.0 1.0 1.0 1.0 0.7512081395219314 
13.756158269056222 1.0 1.0 1.0 1.0 1.0 1.0 1.0 0.2471106084643564 
13.756158269056222 1.0 1.0 1.0 1.0 1.0 1.0 1.0 0.5152812315166462 
13.756158269056222 1.0 1.0 1.0 1.0 1.0 1.0 1.0 0.7228045269238561 
13.756158269056222 1.0 1.0 1.0 1.0 1.0 1.0 1.0 0.3894407132816783 
13.756158269056222 1.0 1.0 1.0 1.0 1.0 1.0 1.0 0.7090384048186518 
13.756158269056222 1.0 1.0 1.0 1.0 1.0 1.0 1.0 0.8912685774382703 
13.756158269056222 1.0 1.0 1.0 1.0 1.0 1.0 1.0 0.6950140137216464 
12.811378117330925 1.0 1.0 1.0 1.0 1.0 1.0 1.0 0.10359279289073642 
12.811378117330925 1.0 1.0 1.0 1.0 1.0 1.0 1.0 0.6570722559168323 
11.704740745625207 1.0 1.0 1.0 1.0 1.0 1.0 1.0 0.12756474596938028 
10.528736668042518 1.0 1.0 1.0 1.0 1.0 1.0 1.0 0.14531574521516255 
9.297264971261184 1.0 1.0 1.0 1.0 1.0 1.0 1.0 0.1342433236826076 
6.761800000000001 1.0 1.0 1.0 1.0 1.0 1.0 1.0 0.5696257640221082 
1.0 1.0 1.0 1.0 1.0 1.0 1.0 1.0 0.26254535427818526 
1.0 1.0 1.0 1.0 1.0 1.0 1.0 1.0 0.8379452901309173 
1.0 1.0 1.0 1.0 1.0 1.0 1.0 1.0 0.9708380034054227 
1.0 1.0 1.0 1.0 1.0 1.0 1.0 1.0 0.9872223381119951 
1.0 1.0 1.0 1.0 1.0 1.0 1.0 1.0 0.4693953873686265 
1.0 1.0 1.0 1.0 1.0 1.0 1.0 1.0 0.42417926604357925 
1.0 1.0 1.0 1.0 1.0 1.0 1.0 1.0 0.01580110980505134 
1.0 1.0 1.0 1.0 1.0 1.0 1.0 1.0 0.3077412428683187 
1.0 1.0 1.0 1.0 1.0 1.0 1.0 1.0 0.5741819184838103 
1.0 1.0 1.0 1.0 1.0 1.0 1.0 1.0 0.5821032887939235 
1.0 1.0 1.0 1.0 1.0 1.0 1.0 1.0 0.6006857061922443 
1.0 1.0 1.0 1.0 1.0 1.0 1.0 1.0 0.04717332486755732 
1.0 1.0 1.0 1.0 1.0 1.0 1.0 1.0 0.015193002729524063 
1.0 1.0 1.0 1.0 1.0 1.0 1.0 1.0 0.08215991818647528 
14.98258588053782 1.0 1.0 1.0 1.0 1.0 1.0 1.0 0.08255292934053671 
14.98258588053782 1.0 1.0 1.0 1.0 1.0 1.0 1.0 0.7439414055142557 
14.98258588053782 1.0 1.0 1.0 1.0 1.0 1.0 1.0 0.14255867932998778 
14.98258588053782 1.0 1.0 1.0 1.0 2.0 1.0 1.0 0.28513029357231556 
14.98258588053782 1.0 2.0 1.0 1.0 3.0 1.0 1.0 0.8945373220023031 
14.98258588053782 1.0 2.0 1.0 1.0 2.0 1.0 2.0 0.3038573776228116 
14.98258588053782 1.0 1.0 1.0 1.0 1.0 2.0 2.0 0.835376060872906 
13.970405847665925 1.0 2.0 1.0 1.0 2.0 2.0 1.0 0.9225650928512982 
13.970405847665925 1.0 2.0 1.0 1.0 3.0 1.0 1.0 0.5710365658208614 
12.772887785884908 1.0 1.0 1.0 1.0 3.0 1.0 1.0 0.35992084813533853 
11.492487785884908 1.0 1.0 1.0 1.0 3.0 1.0 1.0 0.21134557848683788 
10.143520684302842 1.0 1.0 1.0 1.0 3.0 1.0 1.0 0.8429960924661062 
7.3529919999999995 1.0 1.0 2.0 1.0 2.0 1.0 1.0 0.4208641053203167 
1.0 1.0 1.0 2.0 1.0 2.0 1.0 1.0 0.8541109976017089 
1.0 1.0 1.0 2.0 1.0 2.0 1.0 1.0 0.5341790248543368 
1.0 1.0 1.0 3.0 1.0 1.0 1.0 1.0 0.4311980233480792 
1.0 1.0 1.0 3.0 1.0 1.0 1.0 1.0 0.2340530760260523 
1.0 1.0 1.0 3.0 1.0 1.0 1.0 1.0 0.5344513261735765 
1.0 1.0 1.0 2.0 2.0 1.0 1.0 1.0 0.3325919425765861 
1.0 1.0 1.0 1.0 2.0 2.0 1.0 1.0 0.759470297918606 
1.0 1.0 1.0 1.0 2.0 2.0 1.0 1.0 0.012795306003144158 
1.0 1.0 1.0 1.0 2.0 1.0 1.0 2.0 0.25272234259253645 
1.0 1.0 2.0 1.0 1.0 2.0 1.0 2.0 0.24235324018853266 
1.0 1.0 2.0 1.0 2.0 2.0 1.0 1.0 0.5804869220856397 
1.0 1.0 1.0 1.0 2.0 2.0 1.0 1.0 0.06410337001077238 
1.0 1.0 1.0 1.0 1.0 3.0 1.0 1.0 0.2914959952006334 
1.0 1.0 1.0 1.0 1.0 2.0 1.0 1.0 0.7371409979259184 
16.221264186019066 1.0 1.0 1.0 1.0 3.0 1.0 1.0 0.34192537516852184 
16.221264186019066 1.0 1.0 1.0 2.0 2.0 1.0 1.0 0.9002877035301042 
16.221264186019066 1.0 1.0 1.0 2.0 1.0 2.0 1.0 0.8098607224624315 
16.221264186019066 1.0 1.0 1.0 1.0 2.0 3.0 1.0 0.8127030689660463 
16.221264186019066 1.0 2.0 1.0 1.0 4.0 2.0 1.0 0.9682990996348231 
16.221264186019066 1.0 2.0 1.0 1.0 4.0 1.0 2.0 0.20032781468157435 
16.221264186019066 6.0 1.0 1.0 1.0 3.0 2.0 2.0 0.0820331924631158 
15.150773533645966 6.0 2.0 1.0 1.0 3.0 3.0 1.0 0.6567615260667434 
15.150773533645966 1.0 2.0 1.0 1.0 4.0 2.0 1.0 0.33417076991454486 
13.870373533645965 1.0 1.0 1.0 1.0 5.0 1.0 1.0 0.5365175171800246 
12.491050987310203 1.0 1.0 1.0 1.0 5.0 1.0 1.0 0.8182910527632314 
11.025728970874255 1.0 1.0 1.0 1.0 5.0 1.0 1.0 0.669951287050991 
7.972408000000001 1.0 1.0 3.0 1.0 3.0 1.0 1.0 0.9719267474299794 
1.0 1.0 1.0 4.0 1.0 2.0 1.0 1.0 0.0898011367195628 
1.0 1.0 1.0 4.0 1.0 2.0 1.0 1.0 0.522127155529177 
1.0 1.0 1.0 5.0 1.0 1.0 1.0 1.0 0.18674110929641852 
1.0 1.0 1.0 5.0 1.0 1.0 1.0 1.0 0.2022168901140966 
1.0 1.0 1.0 4.0 1.0 2.0 1.0 1.0 0.4425116976958835 
1.0 1.0 1.0 2.0 3.0 2.0 1.0 1.0 0.6760461437350153 
1.0 1.0 1.0 1.0 3.0 3.0 1.0 1.0 0.09244240628581946 
1.0 1.0 1.0 1.0 2.0 4.0 1.0 1.0 0.8241007473315946 
1.0 1.0 1.0 2.0 2.0 2.0 1.0 2.0 0.10617919788516672 
1.0 1.0 2.0 2.0 2.0 2.0 1.0 2.0 0.04468167435183479 
1.0 1.0 2.0 1.0 4.0 2.0 1.0 1.0 0.47959749013530406 
1.0 1.0 1.0 1.0 3.0 3.0 1.0 1.0 0.056376586264365036 
1.0 1.0 1.0 1.0 1.0 4.0 2.0 1.0 0.35317142910440635 
1.0 1.0 1.0 1.0 1.0 2.0 2.0 1.0 0.579900350688325 
17.441656221364845 1.0 3.0 1.0 1.0 5.0 1.0 1.0 0.6045784482838937 
17.441656221364845 1.0 1.0 1.0 2.0 3.0 1.0 2.0 0.7842482425635081 
17.441656221364845 1.0 1.0 1.0 3.0 1.0 2.0 2.0 0.10886067306642588 
17.441656221364845 1.0 2.0 1.0 2.0 2.0 3.0 1.0 0.18094121234838578 
17.441656221364845 1.0 2.0 1.0 1.0 4.0 2.0 1.0 0.5136418500471579 
17.441656221364845 1.0 1.0 1.0 1.0 5.0 1.0 1.0 0.5059263737108961 
17.441656221364845 6.0 1.0 1.0 1.0 5.0 1.0 1.0 0.8862111213906705 
16.32561525049059 11.0 1.0 1.0 1.0 4.0 2.0 1.0 0.05184375859955381 
16.32561525049059 1.0 1.0 1.0 1.0 4.0 2.0 1.0 0.23872810937198208 
14.976648148908524 1.0 1.0 1.0 1.0 5.0 1.0 1.0 0.1276848400991335 
13.511326132472576 1.0 1.0 1.0 1.0 5.0 1.0 1.0 0.7226830666967378 
11.937655101582068 1.0 1.0 1.0 1.0 5.0 1.0 1.0 0.9412124715583704 
8.620047999999999 1.0 1.0 2.0 1.0 4.0 1.0 1.0 0.20163091470045102 
1.0 1.0 1.0 4.0 1.0 2.0 1.0 1.0 0.5134386143842609 
1.0 1.0 2.0 5.0 1.0 1.0 1.0 1.0 0.9650790884707364 
1.0 1.0 2.0 5.0 1.0 1.0 1.0 1.0 0.3901957286074036 
1.0 1.0 1.0 5.0 1.0 1.0 1.0 1.0 0.7996607227091184 
1.0 1.0 1.0 3.0 2.0 2.0 1.0 1.0 0.49774446204036615 
1.0 1.0 1.0 1.0 3.0 3.0 1.0 1.0 0.12027158686312145 
1.0 1.0 1.0 1.0 2.0 4.0 1.0 1.0 0.41752922036430795 
1.0 1.0 1.0 1.0 2.0 4.0 1.0 1.0 0.3567569086590986 
1.0 1.0 1.0 2.0 2.0 3.0 1.0 1.0 0.8103140745876839 
1.0 1.0 1.0 2.0 2.0 3.0 1.0 1.0 0.8217006402420162 
1.0 1.0 2.0 1.0 3.0 3.0 1.0 1.0 0.6061363689560909 
1.0 1.0 2.0 1.0 2.0 4.0 1.0 1.0 0.9962405445137202 
1.0 1.0 1.0 2.0 1.0 3.0 2.0 1.0 0.9659911240653402 
1.0 1.0 1.0 2.0 1.0 1.0 2.0 1.0 0.5548653721266346 
18.58299050943449 1.0 3.0 1.0 1.0 3.0 2.0 2.0 0.6727340317401087 
18.58299050943449 1.0 2.0 1.0 1.0 2.0 3.0 2.0 0.3876677838125624 
18.58299050943449 1.0 2.0 1.0 2.0 1.0 2.0 3.0 0.15836706705664116 
18.58299050943449 1.0 2.0 1.0 2.0 3.0 1.0 2.0 0.4324599347490543 
18.58299050943449 1.0 2.0 1.0 1.0 5.0 1.0 1.0 0.8604950765293938 
18.58299050943449 1.0 1.0 1.0 2.0 4.0 1.0 1.0 0.5438435199331696 
18.58299050943449 1.0 1.0 1.0 3.0 3.0 1.0 1.0 0.7584777336702181 
17.43776740927009 1.0 1.0 2.0 2.0 3.0 1.0 1.0 0.7690719182708354 
17.43776740927009 1.0 1.0 3.0 1.0 3.0 1.0 1.0 0.48271724455521337 
16.04250306711867 1.0 3.0 2.0 1.0 4.0 1.0 1.0 0.8873902347353937 
14.515842581681545 1.0 3.0 2.0 1.0 4.0 1.0 1.0 0.28079032795618086 
12.85703903089051 1.0 1.0 2.0 1.0 3.0 1.0 2.0 0.3734911499726532 
9.295912000000001 1.0 2.0 1.0 1.0 3.0 1.0 3.0 0.3976178764949879 
1.0 1.0 7.0 2.0 1.0 2.0 2.0 2.0 0.7646796348090796 
1.0 1.0 7.0 3.0 1.0 1.0 3.0 1.0 0.4586240245859582 
1.0 1.0 3.0 3.0 1.0 2.0 2.0 1.0 0.6270989374867049 
1.0 1.0 2.0 3.0 1.0 3.0 1.0 1.0 0.6218780443600832 
1.0 1.0 1.0 2.0 2.0 3.0 1.0 1.0 0.99664573380913 
1.0 1.0 1.0 2.0 2.0 3.0 1.0 1.0 0.8118009724918769 
1.0 1.0 1.0 2.0 2.0 3.0 1.0 1.0 0.9106410277037751 
1.0 1.0 1.0 1.0 4.0 2.0 1.0 1.0 0.7725138349998117 
1.0 1.0 1.0 1.0 3.0 2.0 1.0 1.0 0.08393550531593152 
1.0 1.0 2.0 1.0 1.0 3.0 1.0 1.0 0.06517511401048848 
1.0 1.0 3.0 1.0 2.0 3.0 1.0 1.0 0.4708747648143259 
1.0 1.0 2.0 1.0 2.0 3.0 1.0 1.0 0.0005813480268156423 
1.0 1.0 1.0 2.0 1.0 2.0 1.0 1.0 0.3436028242260515 
1.0 1.0 1.0 2.0 1.0 1.0 1.0 1.0 0.4696483800158433 
19.496912000000005 1.0 1.0 1.0 1.0 3.0 2.0 2.0 0.31005440702016707 
19.496912000000005 1.0 2.0 1.0 1.0 3.0 3.0 1.0 0.9243742586568247 
19.496912000000005 1.0 2.0 1.0 1.0 2.0 2.0 3.0 0.0967767821432256 
19.496912000000005 1.0 3.0 2.0 1.0 2.0 1.0 3.0 0.4740215583923181 
19.496912000000005 1.0 3.0 2.0 1.0 3.0 1.0 2.0 0.5400178602149884 
19.496912000000005 1.0 1.0 1.0 3.0 2.0 1.0 2.0 0.47376375120195613 
19.496912000000005 1.0 1.0 2.0 4.0 1.0 1.0 1.0 0.13534124886591903 
18.341616000000005 1.0 1.0 4.0 2.0 1.0 1.0 1.0 0.8739279970276592 
18.341616000000005 1.0 1.0 5.0 1.0 1.0 1.0 1.0 0.13793910570557788 
16.929840000000002 1.0 3.0 3.0 1.0 2.0 2.0 1.0 0.5502275072658781 
15.380416 1.0 3.0 2.0 1.0 2.0 2.0 2.0 0.07278516400653268 
13.687072 1.0 3.0 2.0 1.0 2.0 1.0 3.0 0.9350300186856269 
10.0 1.0 7.0 1.0 2.0 2.0 1.0 3.0 0.3368744185756817 
1.0 1.0 13.0 1.0 3.0 1.0 2.0 2.0 0.427207329936934 
1.0 1.0 9.0 1.0 2.0 2.0 3.0 1.0 0.19696956239463415 
1.0 1.0 2.0 1.0 1.0 3.0 3.0 1.0 0.8105489540076205 
1.0 1.0 2.0 1.0 1.0 4.0 2.0 1.0 0.7326354686429338 
1.0 1.0 1.0 1.0 1.0 5.0 1.0 1.0 0.8403314517560417 
1.0 1.0 1.0 2.0 1.0 4.0 1.0 1.0 0.03967700087353321 
1.0 1.0 1.0 2.0 2.0 3.0 1.0 1.0 0.9301533806720235 
1.0 1.0 1.0 1.0 3.0 3.0 1.0 1.0 0.7075193113190613 
1.0 1.0 1.0 1.0 2.0 2.0 2.0 1.0 0.16276176889392868 
1.0 1.0 2.0 1.0 1.0 1.0 2.0 1.0 0.5952004094664927 
1.0 1.0 2.0 1.0 2.0 1.0 1.0 1.0 0.35828820871600686 
1.0 1.0 1.0 1.0 2.0 1.0 1.0 1.0 0.7903580419104218 
1.0 1.0 1.0 1.0 1.0 1.0 1.0 1.0 0.5651221732824931 
1.0 1.0 1.0 1.0 1.0 1.0 1.0 1.0 0.018307597689379396 
18.58299050943449 1.0 1.0 1.0 2.0 4.0 1.0 1.0 0.6195704837871964 
18.58299050943449 1.0 1.0 1.0 1.0 5.0 1.0 1.0 0.1782738643546976 
18.58299050943449 1.0 2.0 1.0 1.0 3.0 1.0 3.0 0.33012229836410967 
18.58299050943449 1.0 5.0 2.0 1.0 2.0 1.0 3.0 0.6554712247114645 
18.58299050943449 1.0 4.0 2.0 1.0 3.0 1.0 2.0 0.09970069012423621 
18.58299050943449 1.0 1.0 2.0 2.0 2.0 1.0 2.0 0.38998126494799534 
18.58299050943449 1.0 2.0 4.0 2.0 1.0 1.0 1.0 0.8212835256993326 
17.43776740927009 1.0 2.0 5.0 1.0 1.0 1.0 1.0 0.06706401336555401 
17.43776740927009 1.0 3.0 4.0 1.0 2.0 1.0 1.0 0.1356834456297391 
16.04250306711867 1.0 4.0 2.0 2.0 2.0 2.0 1.0 0.29016647310420984 
14.515842581681545 1.0 2.0 1.0 3.0 1.0 2.0 2.0 0.8566137054840024 
12.85703903089051 1.0 3.0 1.0 3.0 2.0 1.0 2.0 0.7442998129698634 
9.295912000000001 1.0 6.0 1.0 3.0 3.0 1.0 1.0 0.1657319721230759 
1.0 1.0 7.0 1.0 4.0 2.0 1.0 1.0 0.39157519760884574 
1.0 1.0 4.0 1.0 3.0 3.0 1.0 1.0 0.8218855228372522 
1.0 1.0 1.0 1.0 1.0 4.0 2.0 1.0 0.4438118279553631 
1.0 1.0 1.0 1.0 2.0 3.0 2.0 1.0 0.8159912500051938 
1.0 1.0 1.0 1.0 3.0 3.0 1.0 1.0 0.4838062891751994 
1.0 1.0 1.0 1.0 2.0 4.0 1.0 1.0 0.2866531931701125 
1.0 1.0 1.0 2.0 1.0 4.0 1.0 1.0 0.6591264503469053 
1.0 1.0 1.0 2.0 1.0 4.0 1.0 1.0 0.9027254109821318 
1.0 1.0 1.0 1.0 1.0 3.0 2.0 1.0 0.8239918116191088 
1.0 1.0 1.0 1.0 1.0 1.0 2.0 1.0 0.6527594038519272 
1.0 1.0 1.0 1.0 1.0 1.0 1.0 1.0 0.35966809766701036 
1.0 1.0 1.0 1.0 1.0 1.0 1.0 1.0 0.052679877082186466 
1.0 1.0 1.0 1.0 1.0 1.0 1.0 1.0 0.7747551042671679 
1.0 1.0 1.0 1.0 1.0 1.0 1.0 1.0 0.008379449310821352 
17.441656221364845 1.0 1.0 1.0 2.0 4.0 1.0 1.0 0.3359278187464152 
17.441656221364845 1.0 1.0 1.0 1.0 4.0 2.0 1.0 0.011658129285122443 
17.441656221364845 1.0 2.0 1.0 1.0 3.0 2.0 2.0 0.6016813995966438 
17.441656221364845 1.0 4.0 1.0 1.0 4.0 1.0 2.0 0.11969884838162337 
17.441656221364845 1.0 3.0 1.0 1.0 5.0 1.0 1.0 0.2285960164029992 
17.441656221364845 1.0 1.0 2.0 1.0 4.0 1.0 1.0 0.8177137345693524 
17.441656221364845 1.0 2.0 3.0 1.0 3.0 1.0 1.0 0.11790762033139601 
16.32561525049059 1.0 2.0 3.0 2.0 2.0 1.0 1.0 0.08871043342719243 
16.32561525049059 1.0 3.0 2.0 3.0 2.0 1.0 1.0 0.6415211297289602 
14.976648148908524 1.0 4.0 1.0 3.0 3.0 1.0 1.0 0.5806640414753514 
13.511326132472576 1.0 2.0 1.0 4.0 2.0 1.0 1.0 0.3375281011838003 
11.937655101582068 1.0 1.0 1.0 5.0 1.0 1.0 1.0 0.8709756011600416 
8.620047999999999 1.0 1.0 1.0 3.0 3.0 1.0 1.0 0.790307630414936 
1.0 1.0 1.0 2.0 2.0 3.0 1.0 1.0 0.5088551731449298 
1.0 1.0 1.0 2.0 2.0 3.0 1.0 1.0 0.037724565957832246 
1.0 1.0 1.0 1.0 1.0 5.0 1.0 1.0 0.4070752623021452 
1.0 1.0 1.0 1.0 3.0 3.0 1.0 1.0 0.656698097508874 
1.0 1.0 1.0 1.0 5.0 1.0 1.0 1.0 0.3005610247324726 
1.0 1.0 1.0 1.0 3.0 3.0 1.0 1.0 0.2990242113693907 
1.0 1.0 1.0 2.0 1.0 4.0 1.0 1.0 0.23846123599927738 
1.0 1.0 1.0 2.0 1.0 3.0 1.0 1.0 0.27347068995192825 
1.0 1.0 1.0 1.0 1.0 2.0 1.0 1.0 0.9333490678187866 
1.0 1.0 1.0 1.0 1.0 1.0 1.0 1.0 0.684164553242249 
1.0 1.0 1.0 1.0 1.0 1.0 1.0 1.0 0.11059952125723294 
1.0 1.0 1.0 1.0 1.0 1.0 1.0 1.0 0.4389511091840739 
1.0 1.0 1.0 1.0 2.0 1.0 1.0 1.0 0.060652683376437255 
1.0 1.0 1.0 1.0 2.0 1.0 1.0 1.0 0.8381585960813726 
16.221264186019066 1.0 1.0 1.0 1.0 5.0 1.0 1.0 0.11261764027982823 
16.221264186019066 1.0 1.0 1.0 1.0 3.0 3.0 1.0 0.250612603241269 
16.221264186019066 1.0 2.0 1.0 1.0 3.0 3.0 1.0 0.2810293874807014 
16.221264186019066 1.0 4.0 1.0 1.0 5.0 1.0 1.0 0.9766717001370623 
16.221264186019066 1.0 3.0 1.0 1.0 5.0 1.0 1.0 0.14107689032910276 
16.221264186019066 1.0 1.0 1.0 1.0 5.0 1.0 1.0 0.04090858928491481 
16.221264186019066 1.0 2.0 1.0 1.0 4.0 1.0 2.0 0.19541194123808603 
15.150773533645966 1.0 2.0 1.0 2.0 3.0 1.0 2.0 0.06834332442748547 
15.150773533645966 1.0 1.0 2.0 3.0 2.0 1.0 1.0 0.022101600478223404 
13.870373533645965 1.0 1.0 2.0 3.0 2.0 1.0 1.0 0.7645678611216233 
12.491050987310203 1.0 1.0 2.0 3.0 2.0 1.0 1.0 0.5375484582998344 
11.025728970874255 1.0 1.0 3.0 3.0 1.0 1.0 1.0 0.6152718321457419 
7.972408000000001 1.0 2.0 3.0 2.0 2.0 1.0 1.0 0.3981399822924283 
1.0 1.0 3.0 3.0 2.0 2.0 1.0 1.0 0.07500061065623675 
1.0 1.0 3.0 2.0 2.0 3.0 1.0 1.0 0.26721765203948566 
1.0 1.0 2.0 2.0 1.0 4.0 1.0 1.0 0.028630882653555845 
1.0 1.0 1.0 3.0 2.0 2.0 1.0 1.0 0.11617291823427645 
1.0 1.0 1.0 2.0 4.0 1.0 1.0 1.0 0.9287481794295405 
1.0 1.0 2.0 1.0 3.0 3.0 1.0 1.0 0.094269092706873 
1.0 1.0 2.0 1.0 1.0 5.0 1.0 1.0 0.8746208799294473 
1.0 1.0 1.0 1.0 1.0 3.0 1.0 1.0 0.30023434423887885 
1.0 1.0 1.0 1.0 1.0 1.0 1.0 1.0 0.9980327934802008 
1.0 1.0 1.0 1.0 1.0 1.0 1.0 1.0 0.742658115027801 
1.0 1.0 1.0 1.0 1.0 1.0 1.0 1.0 0.769086778814052 
1.0 1.0 1.0 1.0 1.0 1.0 1.0 1.0 0.16018936669235684 
1.0 1.0 1.0 1.0 2.0 1.0 2.0 1.0 0.043339663285786756 
1.0 1.0 1.0 1.0 2.0 1.0 2.0 1.0 0.6048279881010749 
14.98258588053782 1.0 1.0 1.0 1.0 4.0 2.0 1.0 0.8294348976520738 
14.98258588053782 1.0 1.0 1.0 1.0 3.0 3.0 1.0 0.41828234012349275 
14.98258588053782 1.0 2.0 1.0 1.0 4.0 2.0 1.0 0.9900521389713683 
14.98258588053782 1.0 3.0 1.0 1.0 5.0 1.0 1.0 0.27728337478399423 
14.98258588053782 1.0 2.0 1.0 1.0 5.0 1.0 1.0 0.5265542465127967 
18.211785880537814 1.0 1.0 1.0 1.0 5.0 1.0 1.0 0.36493528873506764 
19.637337582276025 1.0 2.0 1.0 1.0 4.0 1.0 2.0 0.74529959067014 
19.323694520665317 1.0 2.0 2.0 1.0 3.0 1.0 2.0 0.23317217985003902 
19.999245601843192 1.0 1.0 4.0 1.0 2.0 1.0 1.0 0.9621692060050573 
19.446558933624846 1.0 1.0 4.0 2.0 1.0 1.0 1.0 0.8818277528121438 
18.166158933624853 1.0 1.0 3.0 2.0 2.0 1.0 1.0 0.6929136663041358 
17.382447987208167 1.0 1.0 3.0 1.0 3.0 1.0 1.0 0.6733685620569091 
14.591919302905325 1.0 3.0 4.0 1.0 2.0 1.0 1.0 0.9505220188137056 
8.238927302905319 1.0 4.0 3.0 2.0 2.0 1.0 1.0 0.789220958074233 
8.238927302905319 1.0 4.0 1.0 2.0 4.0 1.0 1.0 0.12134019037334365 
8.238927302905319 1.0 3.0 3.0 1.0 3.0 1.0 1.0 0.04664463860219781 
8.238927302905319 1.0 1.0 4.0 1.0 2.0 1.0 1.0 0.7624858361041177 
8.238927302905319 1.0 1.0 3.0 2.0 2.0 1.0 1.0 0.170425805149635 
8.238927302905319 1.0 3.0 2.0 2.0 2.0 1.0 2.0 0.5443733012143709 
7.673671147739938 1.0 3.0 1.0 1.0 3.0 1.0 2.0 0.7945655577281474 
7.673671147739938 1.0 1.0 1.0 1.0 2.0 1.0 1.0 0.2690647438522763 
7.028839754177272 1.0 1.0 1.0 1.0 1.0 1.0 1.0 0.16784492134338502 
6.353288672999395 1.0 1.0 1.0 1.0 1.0 1.0 1.0 0.26436784635589194 
5.654751701738212 1.0 1.0 1.0 1.0 1.0 1.0 1.0 0.9637927875106903 
4.2292000000000005 1.0 1.0 1.0 1.0 1.0 1.0 1.0 0.7644235181528233 
1.0 1.0 1.0 1.0 1.0 1.0 3.0 1.0 0.3334396675043946 
1.0 1.0 1.0 1.0 1.0 1.0 3.0 1.0 0.9119681158056281 
13.756158269056222 1.0 1.0 1.0 1.0 4.0 2.0 1.0 0.09768999032545778 
13.756158269056222 1.0 1.0 1.0 1.0 4.0 2.0 1.0 0.015191618659411432 
13.756158269056222 1.0 1.0 1.0 1.0 5.0 1.0 1.0 0.580501014236835 
13.756158269056222 1.0 1.0 1.0 1.0 5.0 1.0 1.0 0.6849164059994602 
13.756158269056222 1.0 1.0 1.0 1.0 5.0 1.0 1.0 0.6936191018269068 
17.435430269056226 1.0 1.0 1.0 1.0 5.0 1.0 1.0 0.5877532197328367 
19.059255332962763 1.0 3.0 1.0 2.0 4.0 1.0 1.0 0.2558452454360579 
18.90959588585352 1.0 3.0 3.0 2.0 2.0 1.0 1.0 0.585898223315158 
19.677737342164903 1.0 1.0 5.0 1.0 1.0 1.0 1.0 0.06013523997410741 
19.303414265292528 1.0 1.0 4.0 1.0 2.0 1.0 1.0 0.5222476496308012 
18.127410187709838 1.0 1.0 2.0 1.0 4.0 1.0 1.0 0.9919157135341075 
17.536512540236345 1.0 1.0 1.0 1.0 5.0 1.0 1.0 0.4954519587334031 
15.001047568975158 1.0 2.0 2.0 2.0 3.0 1.0 1.0 0.9831971074860246 
9.23924756897515 1.0 2.0 2.0 2.0 3.0 1.0 1.0 0.7500856970534595 
9.23924756897515 1.0 3.0 1.0 1.0 5.0 1.0 1.0 0.37208741803105905 
9.23924756897515 1.0 3.0 2.0 1.0 3.0 2.0 1.0 0.8059108997156965 
9.23924756897515 1.0 1.0 2.0 1.0 3.0 2.0 1.0 0.26625793987451507 
9.23924756897515 1.0 1.0 3.0 1.0 3.0 1.0 1.0 0.3033595657760757 
9.23924756897515 1.0 2.0 4.0 1.0 1.0 1.0 2.0 0.3922022109225012 
8.598673519667312 1.0 2.0 2.0 1.0 1.0 1.0 2.0 0.7249867468549718 
8.598673519667312 1.0 2.0 1.0 1.0 1.0 1.0 1.0 0.6535033078192075 
7.86635922483397 1.0 2.0 1.0 1.0 1.0 1.0 1.0 0.1668214405560493 
7.0982177685225905 1.0 1.0 1.0 1.0 1.0 1.0 1.0 0.6518710165441445 
6.303097063906536 1.0 1.0 1.0 1.0 1.0 1.0 1.0 0.8764110062799624 
4.679272 1.0 1.0 1.0 1.0 1.0 1.0 1.0 0.30390536618344266 
1.0 1.0 1.0 1.0 1.0 2.0 2.0 1.0 0.864300882481669 
1.0 1.0 1.0 1.0 1.0 2.0 2.0 1.0 0.1011781380254777 
12.559530949119582 1.0 1.0 1.0 1.0 4.0 1.0 1.0 0.8083857697650687 
12.559530949119582 1.0 2.0 1.0 1.0 4.0 1.0 1.0 0.11267696322555731 
12.559530949119582 1.0 2.0 1.0 1.0 5.0 1.0 1.0 0.9346608634855514 
12.559530949119582 1.0 1.0 1.0 1.0 4.0 2.0 1.0 0.9170031548592511 
12.559530949119582 1.0 2.0 1.0 1.0 3.0 2.0 2.0 0.18358016827125356 
16.71709894911958 1.0 3.0 1.0 1.0 4.0 1.0 2.0 0.2928659348173903 
18.551306275862682 1.0 4.0 1.0 3.0 3.0 1.0 1.0 0.6026764258893521 
18.576917867494004 1.0 3.0 2.0 3.0 2.0 1.0 1.0 0.26924278706071636 
19.44222286974133 1.0 1.0 3.0 1.0 3.0 1.0 1.0 0.7148049133776175 
19.25341704003357 1.0 2.0 2.0 1.0 4.0 1.0 1.0 0.4290066612590171 
18.182926387660466 1.0 2.0 1.0 2.0 4.0 1.0 1.0 0.8706207291434666 
17.784485416786215 1.0 1.0 1.0 2.0 3.0 2.0 1.0 0.7151773560301345 
15.494039216457404 1.0 1.0 1.0 2.0 3.0 2.0 1.0 0.8794118365322038 
10.295207216457404 1.0 1.0 1.0 2.0 3.0 1.0 2.0 0.806308099762458 
10.295207216457404 1.0 2.0 1.0 1.0 4.0 1.0 2.0 0.026784534929941595 
10.295207216457404 1.0 2.0 1.0 1.0 4.0 2.0 1.0 0.9227825450725788 
10.295207216457404 1.0 1.0 1.0 1.0 4.0 2.0 1.0 0.042787227979725895 
10.295207216457404 1.0 1.0 2.0 1.0 4.0 1.0 1.0 0.8620011982422184 
10.295207216457404 1.0 1.0 3.0 2.0 2.0 1.0 1.0 0.05398946029638463 
9.577607216457404 1.0 1.0 2.0 3.0 1.0 1.0 1.0 0.5446671095988305 
9.577607216457404 1.0 2.0 1.0 2.0 1.0 1.0 1.0 0.5525207538259809 
8.75423301329327 1.0 2.0 1.0 1.0 1.0 1.0 1.0 0.4447035927094112 
7.888928011045946 1.0 1.0 1.0 1.0 1.0 1.0 1.0 0.7922684247469312 
6.991775326743104 1.0 1.0 1.0 1.0 1.0 1.0 1.0 0.30316814995619223 
5.157568000000001 1.0 1.0 1.0 1.0 1.0 2.0 1.0 0.7080724879320702 
1.0 1.0 1.0 1.0 1.0 3.0 2.0 1.0 0.8545125637526018 
1.0 1.0 1.0 1.0 1.0 3.0 1.0 1.0 0.9461936753416763 
11.403540596415098 1.0 1.0 1.0 1.0 2.0 2.0 1.0 0.15125125194919253 
11.403540596415098 1.0 2.0 1.0 1.0 3.0 2.0 1.0 0.555576166636267 
11.403540596415098 1.0 2.0 1.0 1.0 5.0 1.0 1.0 0.9344438896023862 
11.403540596415098 1.0 1.0 1.0 1.0 4.0 2.0 1.0 0.7635589228942599 
11.403540596415098 1.0 3.0 1.0 2.0 2.0 2.0 2.0 0.8843453283682388 
16.067628596415094 1.0 9.0 1.0 2.0 3.0 1.0 2.0 0.7816984808467695 
18.12414375086764 1.0 7.0 1.0 2.0 4.0 1.0 1.0 0.4597616043974593 
18.33332550792241 1.0 1.0 1.0 2.0 3.0 1.0 2.0 0.6002384546929523 
19.299736120226534 1.0 1.0 1.0 1.0 4.0 1.0 2.0 0.4990214036564664 
19.29973612022653 1.0 2.0 1.0 1.0 5.0 1.0 1.0 0.9658249082205662 
18.333325507922407 1.0 2.0 1.0 3.0 3.0 1.0 1.0 0.23617017334880352 
18.124143750867635 1.0 1.0 1.0 4.0 1.0 2.0 1.0 0.7110919359110556 
16.06762859641509 1.0 2.0 1.0 2.0 3.0 2.0 1.0 0.691203304481747 
11.403540596415098 1.0 2.0 1.0 1.0 4.0 1.0 2.0 0.4874270507581142 
11.403540596415098 1.0 1.0 1.0 1.0 4.0 1.0 2.0 0.24006554786078493 
11.403540596415098 1.0 1.0 1.0 1.0 5.0 1.0 1.0 0.8834302735810381 
11.403540596415098 1.0 1.0 1.0 1.0 5.0 1.0 1.0 0.7213481009725635 
11.403540596415098 1.0 1.0 1.0 1.0 5.0 1.0 1.0 0.09829632325809767 
11.403540596415098 1.0 1.0 2.0 2.0 3.0 1.0 1.0 0.4232306041043049 
10.608419891799043 1.0 1.0 2.0 3.0 1.0 2.0 1.0 0.4678510630925685 
10.608419891799043 1.0 1.0 1.0 2.0 2.0 2.0 1.0 0.2650069260932384 
9.69131622842749 1.0 2.0 1.0 1.0 3.0 1.0 1.0 0.06281393913549349 
8.72490561612337 1.0 3.0 1.0 1.0 2.0 1.0 1.0 0.3314993575705304 
7.720603154452543 1.0 2.0 1.0 1.0 1.0 1.0 1.0 0.32858038119399435 
5.664088000000001 1.0 1.0 1.0 1.0 2.0 2.0 1.0 0.16798570900972554 
1.0 1.0 1.0 1.0 1.0 4.0 2.0 1.0 0.4130730930202876 
1.0 1.0 1.0 1.0 1.0 3.0 1.0 1.0 0.7433234805103153 
10.295207216457404 1.0 1.0 1.0 1.0 1.0 2.0 1.0 0.3552966703356705 
10.295207216457404 1.0 1.0 1.0 1.0 3.0 2.0 1.0 0.2339311370064706 
10.295207216457404 1.0 1.0 1.0 1.0 5.0 1.0 1.0 0.9451721864081938 
10.295207216457404 1.0 2.0 1.0 1.0 5.0 1.0 1.0 0.4059996372075886 
10.295207216457404 1.0 5.0 1.0 3.0 3.0 1.0 1.0 0.22442533268013254 
15.494039216457404 1.0 11.0 1.0 4.0 2.0 1.0 1.0 0.44878860548841304 
17.78448541678621 1.0 8.0 1.0 2.0 4.0 1.0 1.0 0.24847499419305763 
18.182926387660462 1.0 1.0 1.0 1.0 4.0 1.0 2.0 0.514362675864387 
19.25341704003356 1.0 2.0 1.0 1.0 4.0 1.0 2.0 0.1747658861537098 
19.442222869741325 1.0 2.0 1.0 1.0 5.0 1.0 1.0 0.10800691811031171 
18.576917867494 1.0 1.0 1.0 2.0 4.0 1.0 1.0 0.722162349907729 
18.551306275862686 1.0 2.0 1.0 3.0 3.0 1.0 1.0 0.6607804175119515 
16.71709894911958 1.0 4.0 1.0 2.0 4.0 1.0 1.0 0.2552046829975727 
12.559530949119582 1.0 3.0 1.0 1.0 5.0 1.0 1.0 0.6931005482877983 
12.559530949119582 1.0 1.0 1.0 1.0 5.0 1.0 1.0 0.4670596390271221 
12.559530949119582 1.0 1.0 1.0 1.0 4.0 1.0 1.0 0.6982066866961196 
12.559530949119582 1.0 1.0 1.0 1.0 4.0 1.0 1.0 0.38611981002466456 
12.559530949119582 1.0 1.0 1.0 1.0 4.0 1.0 1.0 0.882651637444976 
12.559530949119582 1.0 1.0 2.0 1.0 3.0 1.0 1.0 0.7362441749516476 
11.687989856448059 1.0 1.0 2.0 1.0 2.0 3.0 1.0 0.24933991096439778 
11.687989856448059 1.0 1.0 1.0 1.0 2.0 4.0 1.0 0.1058710586035686 
10.675809823576163 1.0 2.0 1.0 1.0 3.0 3.0 1.0 0.42014377281146054 
9.60531917120306 1.0 3.0 1.0 1.0 2.0 3.0 1.0 0.2280640622528961 
8.489278200328808 1.0 2.0 1.0 1.0 2.0 2.0 1.0 0.061513197482058635 
6.1988319999999995 1.0 1.0 1.0 1.0 3.0 2.0 1.0 0.8580578138136317 
1.0 1.0 1.0 1.0 1.0 3.0 3.0 1.0 0.9319967549368926 
1.0 1.0 1.0 1.0 1.0 2.0 2.0 1.0 0.13454937466268724 
9.23924756897515 1.0 1.0 1.0 1.0 1.0 1.0 1.0 0.890065986608627 
9.23924756897515 1.0 1.0 1.0 2.0 2.0 1.0 1.0 0.9420804370796858 
9.23924756897515 1.0 1.0 1.0 2.0 3.0 1.0 2.0 0.314187760080729 
9.23924756897515 1.0 2.0 1.0 1.0 3.0 1.0 3.0 0.7654886780175895 
9.23924756897515 1.0 4.0 1.0 3.0 2.0 1.0 2.0 0.5002969942001387 
15.001047568975151 1.0 8.0 1.0 4.0 1.0 1.0 2.0 0.08514777021186948 
17.53651254023633 1.0 6.0 1.0 2.0 3.0 1.0 2.0 0.8603307020053728 
18.127410187709827 1.0 1.0 1.0 1.0 5.0 1.0 1.0 0.045071342101838274 
19.303414265292517 1.0 2.0 1.0 1.0 5.0 1.0 1.0 0.5414692604351145 
19.677737342164892 1.0 2.0 1.0 1.0 4.0 1.0 2.0 0.3627974756891501 
18.909595885853513 1.0 1.0 1.0 1.0 4.0 1.0 2.0 0.28525654675120893 
19.059255332962756 1.0 3.0 1.0 1.0 5.0 1.0 1.0 0.7923782863684709 
17.435430269056223 1.0 4.0 1.0 2.0 4.0 1.0 1.0 0.13898205241009687 
13.756158269056222 1.0 2.0 1.0 2.0 3.0 2.0 1.0 0.80086193979561 
13.756158269056222 1.0 1.0 1.0 1.0 4.0 2.0 1.0 0.9856740324408457 
13.756158269056222 1.0 1.0 1.0 1.0 3.0 1.0 1.0 0.17928516191366095 
13.756158269056222 1.0 1.0 1.0 2.0 2.0 1.0 1.0 0.07160220334635514 
13.756158269056222 1.0 1.0 1.0 2.0 2.0 1.0 1.0 0.7334555107525893 
13.756158269056222 1.0 1.0 1.0 1.0 2.0 1.0 1.0 0.5705234851805536 
12.811378117330925 1.0 3.0 1.0 1.0 2.0 2.0 1.0 0.38051569662208506 
12.811378117330925 1.0 3.0 1.0 1.0 1.0 3.0 1.0 0.739067046521441 
11.704740745625207 1.0 1.0 1.0 1.0 1.0 3.0 1.0 0.6322291526982416 
10.528736668042518 1.0 1.0 1.0 1.0 1.0 3.0 1.0 0.2946406804176719 
9.297264971261184 1.0 1.0 1.0 1.0 3.0 2.0 1.0 0.24525072369165468 
6.761800000000001 1.0 1.0 1.0 1.0 3.0 2.0 1.0 0.9480698292191962 
1.0 1.0 1.0 1.0 1.0 1.0 3.0 1.0 0.8386990059696409 
1.0 1.0 1.0 1.0 1.0 1.0 2.0 1.0 0.352175818945593 
1.0 1.0 1.0 1.0 1.0 1.0 1.0 1.0 0.9750379567452356 
1.0 1.0 1.0 1.0 2.0 1.0 1.0 1.0 0.48882222562468647 
1.0 1.0 1.0 1.0 2.0 1.0 1.0 3.0 0.8863241158308626 
1.0 1.0 1.0 1.0 1.0 1.0 2.0 4.0 0.5986397674745494 
1.0 1.0 1.0 1.0 2.0 1.0 2.0 3.0 0.8150235467444882 
7.3529919999999995 1.0 4.0 1.0 2.0 1.0 1.0 4.0 0.731203369250243 
10.143520684302842 1.0 4.0 1.0 1.0 3.0 1.0 3.0 0.9839230395924029 
11.492487785884908 1.0 1.0 1.0 1.0 4.0 1.0 1.0 0.12495482801003466 
12.772887785884908 1.0 1.0 1.0 1.0 3.0 1.0 1.0 0.5585777754161821 
13.970405847665925 1.0 1.0 1.0 1.0 2.0 1.0 2.0 0.8895377650563868 
13.970405847665925 1.0 1.0 1.0 1.0 2.0 1.0 2.0 0.27964576432934485 
14.98258588053782 1.0 2.0 1.0 1.0 4.0 1.0 1.0 0.11220816311633997 
14.98258588053782 1.0 2.0 1.0 2.0 4.0 1.0 1.0 0.27820696409739265 
14.98258588053782 1.0 1.0 1.0 2.0 3.0 2.0 1.0 0.9321358780398632 
14.98258588053782 1.0 1.0 1.0 1.0 3.0 3.0 1.0 0.024992270616074896 
14.98258588053782 1.0 1.0 1.0 1.0 2.0 3.0 1.0 0.1989532059314998 
14.98258588053782 1.0 1.0 1.0 2.0 1.0 3.0 1.0 0.8119271482202857 
14.98258588053782 1.0 1.0 1.0 2.0 2.0 2.0 1.0 0.47944509531396406 
14.98258588053782 1.0 1.0 1.0 1.0 2.0 1.0 1.0 0.13507961474245245 
13.970405847665925 1.0 3.0 1.0 1.0 1.0 1.0 1.0 0.6716787090190242 
13.970405847665925 1.0 3.0 1.0 1.0 1.0 1.0 1.0 0.702497218061639 
12.772887785884908 1.0 1.0 1.0 1.0 1.0 1.0 1.0 0.15896154365394366 
11.492487785884908 1.0 1.0 1.0 1.0 1.0 2.0 1.0 0.91374913430229 
10.143520684302842 1.0 1.0 1.0 1.0 3.0 2.0 1.0 0.625315406442254 
7.3529919999999995 1.0 1.0 1.0 1.0 3.0 1.0 1.0 0.30093999703713636 
1.0 1.0 1.0 1.0 1.0 1.0 1.0 1.0 0.5381629583468182 
1.0 1.0 1.0 1.0 1.0 1.0 1.0 1.0 0.3500093299693081 
1.0 1.0 1.0 1.0 1.0 1.0 1.0 1.0 0.0062809939072034915 
1.0 1.0 2.0 1.0 1.0 1.0 1.0 1.0 0.4294572538911763 
1.0 1.0 2.0 1.0 1.0 1.0 1.0 2.0 0.8101489385570741 
1.0 1.0 1.0 1.0 1.0 1.0 2.0 2.0 0.25607294808826175 
1.0 1.0 1.0 1.0 1.0 1.0 2.0 2.0 0.6709533302964834 
7.972408000000001 1.0 1.0 1.0 1.0 2.0 1.0 3.0 0.7062900039282094 
11.025728970874255 1.0 1.0 1.0 1.0 3.0 1.0 2.0 0.9273836391829039 
12.491050987310203 1.0 1.0 1.0 1.0 2.0 1.0 1.0 0.5344938789297695 
13.870373533645965 1.0 1.0 1.0 1.0 1.0 1.0 1.0 0.5191337661074512 
15.150773533645966 1.0 1.0 1.0 1.0 1.0 1.0 2.0 0.658831427718278 
15.150773533645966 1.0 1.0 1.0 1.0 1.0 1.0 2.0 0.07365966930210965 
16.221264186019066 1.0 1.0 1.0 1.0 2.0 1.0 1.0 0.056340466477697304 
16.221264186019066 1.0 2.0 1.0 1.0 3.0 1.0 1.0 0.34251907963422046 
16.221264186019066 1.0 2.0 1.0 1.0 3.0 1.0 1.0 0.52979250184663 
16.221264186019066 1.0 1.0 1.0 1.0 2.0 2.0 1.0 0.19032601973042496 
16.221264186019066 1.0 1.0 1.0 1.0 1.0 3.0 1.0 0.4937456166862998 
16.221264186019066 1.0 1.0 1.0 1.0 2.0 3.0 1.0 0.9704637443894868 
16.221264186019066 1.0 1.0 1.0 1.0 3.0 2.0 1.0 0.9878230097854296 
16.221264186019066 1.0 1.0 1.0 1.0 2.0 1.0 1.0 0.8425902600154772 
15.150773533645966 1.0 1.0 1.0 1.0 1.0 1.0 1.0 0.19655816645894264 
15.150773533645966 1.0 1.0 1.0 1.0 1.0 1.0 1.0 0.7411160077972387 
13.870373533645965 1.0 1.0 1.0 1.0 1.0 1.0 1.0 0.39997230321057486 
12.491050987310203 1.0 1.0 1.0 1.0 2.0 2.0 1.0 0.979092613962255 
11.025728970874255 1.0 1.0 1.0 1.0 4.0 2.0 1.0 0.9820274183262098 
7.972408000000001 1.0 1.0 1.0 1.0 3.0 1.0 1.0 0.5893739732395114 
1.0 1.0 1.0 1.0 1.0 1.0 1.0 1.0 0.38808988627613605 
1.0 1.0 1.0 1.0 1.0 1.0 1.0 1.0 0.11214129665534689 
1.0 1.0 1.0 1.0 1.0 1.0 1.0 1.0 0.001793213474048816 
1.0 1.0 2.0 1.0 1.0 1.0 1.0 1.0 0.5030402770889559 
1.0 1.0 2.0 1.0 1.0 1.0 1.0 1.0 0.39657720300014243 
1.0 1.0 1.0 1.0 1.0 1.0 1.0 1.0 0.4276902809007982 
1.0 1.0 1.0 1.0 1.0 1.0 1.0 1.0 0.4560224466865541 
8.620047999999999 1.0 1.0 1.0 1.0 2.0 1.0 1.0 0.8118330662175479 
11.937655101582068 1.0 2.0 1.0 1.0 2.0 1.0 1.0 0.0549454665780188 
13.511326132472576 1.0 3.0 1.0 1.0 1.0 1.0 1.0 0.04131714368254802 
14.976648148908524 1.0 2.0 1.0 1.0 1.0 1.0 1.0 0.8811331709400281 
16.32561525049059 1.0 2.0 1.0 1.0 1.0 1.0 2.0 0.09387635680459216 
16.32561525049059 1.0 3.0 1.0 1.0 1.0 1.0 2.0 0.5536506679499787 
17.441656221364845 1.0 2.0 1.0 1.0 1.0 1.0 1.0 0.8864892086660426 
17.441656221364845 1.0 3.0 1.0 1.0 1.0 1.0 1.0 0.6873039512495971 
17.441656221364845 1.0 3.0 1.0 1.0 1.0 1.0 1.0 0.2570893127092517 
17.441656221364845 1.0 1.0 1.0 1.0 1.0 1.0 1.0 0.02294270602415638 
17.441656221364845 1.0 1.0 1.0 1.0 1.0 1.0 1.0 0.22611442436218732 
17.441656221364845 1.0 1.0 1.0 1.0 2.0 1.0 1.0 0.400417505635294 
17.441656221364845 1.0 1.0 1.0 1.0 2.0 1.0 1.0 0.34978527121497804 
17.441656221364845 1.0 1.0 1.0 1.0 1.0 1.0 1.0 0.09102535377484355 
16.32561525049059 1.0 1.0 1.0 1.0 1.0 1.0 1.0 0.1466999754229278 
16.32561525049059 1.0 1.0 1.0 1.0 1.0 1.0 1.0 0.7817138403081427 
14.976648148908524 1.0 1.0 1.0 1.0 2.0 1.0 1.0 0.8042311124832633 
13.511326132472576 1.0 1.0 1.0 1.0 4.0 1.0 1.0 0.5744702656333712 
11.937655101582068 1.0 1.0 1.0 1.0 5.0 1.0 1.0 0.16544696869143838 
8.620047999999999 1.0 1.0 1.0 1.0 3.0 1.0 1.0 0.22368491036040872 
1.0 1.0 1.0 1.0 1.0 1.0 1.0 1.0 0.36126690387911664 
1.0 1.0 1.0 1.0 1.0 1.0 1.0 1.0 0.7063707986474835 
1.0 1.0 1.0 1.0 1.0 1.0 1.0 1.0 0.7986160817844604 
1.0 1.0 1.0 1.0 1.0 1.0 1.0 1.0 0.7540840951071205 
1.0 1.0 1.0 1.0 1.0 1.0 1.0 1.0 0.8313123471585265 
1.0 1.0 1.0 1.0 1.0 1.0 1.0 1.0 0.3075455028046471 
1.0 1.0 1.0 1.0 1.0 1.0 1.0 1.0 0.22601183158628746 
9.295912000000001 1.0 1.0 1.0 1.0 1.0 1.0 1.0 0.9268782477826496 
12.85703903089051 1.0 2.0 1.0 1.0 1.0 1.0 1.0 0.5864557490023624 
14.515842581681545 1.0 3.0 1.0 1.0 1.0 1.0 1.0 0.11831631168376888 
16.04250306711867 1.0 2.0 1.0 1.0 1.0 1.0 1.0 0.5143769012375357 
17.43776740927009 1.0 4.0 1.0 1.0 1.0 1.0 1.0 0.46330842855525844 
17.43776740927009 1.0 5.0 1.0 1.0 1.0 1.0 1.0 0.07282965838548461 
18.58299050943449 1.0 2.0 1.0 1.0 1.0 1.0 1.0 0.4468990418521024 
18.58299050943449 1.0 2.0 1.0 1.0 1.0 1.0 1.0 0.4937306093113244 
18.58299050943449 1.0 2.0 1.0 1.0 1.0 1.0 1.0 0.9456319161700695 
18.58299050943449 1.0 3.0 1.0 1.0 1.0 1.0 1.0 0.2985725426813157 
18.58299050943449 1.0 3.0 1.0 1.0 1.0 1.0 1.0 0.08654886345692714 
18.58299050943449 1.0 1.0 1.0 1.0 1.0 1.0 1.0 0.2610410259137941 
18.58299050943449 1.0 2.0 1.0 1.0 1.0 1.0 1.0 0.020861117402178886 
18.58299050943449 1.0 2.0 1.0 1.0 1.0 1.0 1.0 0.2778431531915875 
17.43776740927009 1.0 1.0 1.0 1.0 1.0 1.0 1.0 0.2554192633165916 
17.43776740927009 1.0 1.0 1.0 1.0 1.0 1.0 1.0 0.7734355882711478 
16.04250306711867 1.0 1.0 1.0 1.0 2.0 1.0 1.0 0.33131233860590503 
14.515842581681545 1.0 1.0 1.0 2.0 3.0 1.0 1.0 0.11772167200553352 
12.85703903089051 1.0 1.0 1.0 2.0 4.0 1.0 1.0 0.7007213296894143 
9.295912000000001 1.0 1.0 1.0 1.0 3.0 1.0 1.0 0.7786838330163941 
1.0 1.0 1.0 1.0 1.0 1.0 1.0 1.0 0.24402244634328307 
1.0 1.0 1.0 1.0 1.0 1.0 1.0 1.0 0.19590857846396192 
1.0 1.0 1.0 1.0 1.0 1.0 1.0 1.0 0.8957984091002653 
1.0 1.0 1.0 1.0 1.0 1.0 1.0 1.0 0.2815488821075467 
1.0 1.0 1.0 1.0 1.0 1.0 1.0 1.0 0.983000057220356 
1.0 1.0 1.0 1.0 1.0 1.0 1.0 1.0 0.75475999819334 
1.0 1.0 1.0 1.0 1.0 1.0 1.0 1.0 0.6936265309816688 
10.0 1.0 1.0 1.0 1.0 1.0 1.0 1.0 0.6378322714551121 
13.687072 1.0 1.0 1.0 1.0 1.0 1.0 1.0 0.12471385919995093 
15.380416 1.0 1.0 1.0 1.0 1.0 1.0 1.0 0.7696096813304736 
16.929840000000002 1.0 1.0 1.0 1.0 1.0 1.0 1.0 0.9976898635884741 
18.341616000000005 1.0 3.0 1.0 1.0 1.0 1.0 1.0 0.5227209434173842 
18.341616000000005 1.0 3.0 1.0 1.0 1.0 1.0 1.0 0.27775314393733364 
19.496912000000005 1.0 1.0 1.0 1.0 1.0 1.0 1.0 0.18710764609394281 
19.496912000000005 1.0 1.0 1.0 1.0 1.0 1.0 1.0 0.6535537084926676 
19.496912000000005 1.0 1.0 1.0 1.0 1.0 1.0 1.0 0.15426099214630917 
19.496912000000005 1.0 3.0 1.0 1.0 1.0 1.0 1.0 0.32062672577437945 
19.496912000000005 1.0 3.0 1.0 1.0 1.0 1.0 1.0 0.055471771074681486 
19.496912000000005 1.0 1.0 1.0 1.0 1.0 1.0 1.0 0.5561656093233126 
19.496912000000005 1.0 2.0 1.0 1.0 1.0 1.0 1.0 0.6628048798034994 
19.496912000000005 1.0 2.0 1.0 1.0 1.0 1.0 1.0 0.7450842239140556 
18.341616000000005 1.0 1.0 1.0 1.0 1.0 1.0 1.0 0.9415121086366939 
18.341616000000005 1.0 1.0 1.0 1.0 1.0 1.0 1.0 0.7395493745557519 
16.929840000000002 1.0 1.0 1.0 1.0 1.0 1.0 1.0 0.9676434912589468 
15.380416 1.0 1.0 1.0 2.0 1.0 1.0 1.0 0.07363587712425101 
13.687072 1.0 1.0 1.0 2.0 2.0 1.0 1.0 0.8620499793060182 
10.0 1.0 1.0 1.0 1.0 2.0 1.0 1.0 0.761312540138246 
1.0 1.0 1.0 1.0 1.0 1.0 1.0 1.0 0.9734909091939259 
1.0 1.0 1.0 1.0 1.0 1.0 1.0 1.0 0.24880230925607505 
