1.0 1.0 1.0 1.0 1.0 1.0 1.0 1.0 0.41658851741704916 
1.0 1.0 1.0 1.0 1.0 1.0 1.0 1.0 0.36585947585134493 
1.0 1.0 1.0 1.0 1.0 1.0 1.0 1.0 0.640621054325723 
1.0 1.0 1.0 1.0 1.0 1.0 1.0 1.0 0.4911717511649587 
1.0 1.0 1.0 1.0 1.0 1.0 1.0 1.0 0.43003262377574125 
1.0 1.0 1.0 1.0 1.0 1.0 1.0 1.0 0.39612822220203525 
1.0 1.0 1.0 1.0 1.0 1.0 1.0 1.0 0.9817287440201197 
1.0 1.0 1.0 1.0 1.0 1.0 1.0 1.0 0.7361414099103161 
1.0 1.0 1.0 1.0 1.0 1.0 1.0 1.0 0.8359842186399082 
1.0 1.0 1.0 1.0 1.0 1.0 1.0 1.0 0.49040579937279316 
1.0 1.0 1.0 1.0 1.0 1.0 1.0 1.0 0.5086725143521452 
1.0 1.0 1.0 1.0 1.0 1.0 1.0 1.0 0.07650511194857601 
1.0 1.0 1.0 1.0 1.0 1.0 1.0 1.0 0.27338947074863584 
1.0 1.0 1.0 1.0 1.0 1.0 1.0 1.0 0.20674762547418757 
1.0 1.0 1.0 1.0 1.0 1.0 1.0 1.0 0.7404279111931242 
1.0 1.0 1.0 1.0 1.0 1.0 1.0 1.0 0.06587914559349695 
1.0 1.0 1.0 1.0 1.0 1.0 1.0 1.0 0.5572664003270691 
1.0 1.0 1.0 1.0 1.0 1.0 1.0 1.0 0.5827974571500923 
1.0 1.0 1.0 1.0 1.0 1.0 1.0 1.0 0.9896905597456631 
1.0 1.0 1.0 1.0 1.0 1.0 1.0 1.0 0.6311173724682151 
1.0 1.0 1.0 1.0 1.0 1.0 1.0 1.0 0.1740420669535816 
1.0 1.0 1.0 1.0 1.0 1.0 1.0 1.0 0.6246009615953538 
1.0 1.0 1.0 1.0 1.0 1.0 1.0 1.0 0.0968943746029105 
1.0 1.0 1.0 1.0 1.0 1.0 1.0 1.0 0.43679492881155724 
1.0 1.0 1.0 1.0 1.0 1.0 1.0 1.0 0.6661869580064473 
1.0 1.0 1.0 1.0 1.0 1.0 1.0 1.0 0.5831657752151023 
1.0 1.0 1.0 1.0 1.0 1.0 1.0 1.0 0.7344334964950743 
1.0 1.0 1.0 1.0 1.0 1.0 1.0 1.0 0.1358792805753054 
1.0 1.0 1.0 1.0 1.0 1.0 1.0 1.0 0.8457064470402539 
1.0 1.0 1.0 1.0 1.0 1.0 1.0 1.0 0.9875950933878356 
1.0 1.0 1.0 1.0 1.0 1.0 1.0 1.0 0.9636995989953581 
1.0 1.0 1.0 1.0 1.0 1.0 1.0 1.0 0.5172068188961001 
1.0 1.0 1.0 1.0 1.0 1.0 1.0 1.0 0.05385679741063998 
1.0 1.0 1.0 1.0 1.0 1.0 1.0 1.0 0.846303903098177 
1.0 1.0 1.0 1.0 1.0 1.0 1.0 1.0 0.6579466629999036 
1.0 1.0 1.0 1.0 1.0 1.0 1.0 1.0 0.4097202937390343 
1.0 1.0 1.0 1.0 1.0 1.0 1.0 1.0 0.4288106720479108 
1.0 1.0 1.0 1.0 1.0 1.0 1.0 1.0 0.4462852678034662 
1.0 1.0 1.0 1.0 1.0 1.0 1.0 1.0 0.4394361481031779 
1.0 1.0 1.0 1.0 1.0 1.0 1.0 1.0 0.7349668343782558 
1.0 1.0 1.0 1.0 1.0 1.0 1.0 1.0 0.8465155355337259 
1.0 1.0 1.0 1.0 1.0 1.0 1.0 1.0 0.6112878634261903 
1.0 1.0 1.0 1.0 1.0 1.0 1.0 1.0 0.26337232255935594 
1.0 1.0 1.0 1.0 1.0 1.0 1.0 1.0 0.7929339836677958 
1.0 1.0 1.0 1.0 1.0 1.0 1.0 1.0 0.8829206626836719 
1.0 1.0 1.0 1.0 1.0 1.0 1.0 1.0 0.9219174490673155 
1.0 1.0 1.0 1.0 1.0 1.0 1.0 1.0 0.8092549781919038 
1.0 1.0 1.0 1.0 1.0 1.0 1.0 1.0 0.4991742001632221 
1.0 1.0 1.0 1.0 1.0 1.0 1.0 1.0 0.4947087722469611 
1.0 1.0 1.0 1.0 1.0 1.0 1.0 1.0 0.9359104046081038 
1.0 1.0 1.0 1.0 1.0 1.0 1.0 1.0 0.8015284099073867 
1.0 1.0 1.0 1.0 1.0 1.0 1.0 1.0 0.9007871993888905 
1.0 1.0 1.0 1.0 1.0 1.0 1.0 1.0 0.17095111276310526 
1.0 1.0 1.0 1.0 1.0 1.0 1.0 1.0 0.06193531455815349 
1.0 1.0 1.0 1.0 1.0 1.0 1.0 1.0 0.6498158622503296 
1.0 1.0 1.0 1.0 1.0 1.0 1.0 1.0 0.07449225126972625 
1.0 1.0 1.0 1.0 1.0 1.0 1.0 1.0 0.13400834903660475 
1.0 1.0 1.0 1.0 1.0 1.0 1.0 1.0 0.6511834479074456 
1.0 1.0 1.0 1.0 1.0 1.0 1.0 1.0 0.3260009839659077 
1.0 1.0 1.0 1.0 1.0 1.0 1.0 1.0 0.4729209852967873 
1.0 1.0 1.0 1.0 1.0 1.0 1.0 1.0 0.587358563601065 
1.0 1.0 1.0 1.0 1.0 1.0 1.0 1.0 0.00903537153058298 
1.0 1.0 1.0 1.0 1.0 1.0 1.0 1.0 0.4916557306087711 
1.0 1.0 1.0 1.0 1.0 1.0 1.0 1.0 0.5812641019153727 
1.0 1.0 1.0 1.0 1.0 1.0 1.0 1.0 0.7493581212829264 
1.0 1.0 1.0 1.0 1.0 1.0 1.0 1.0 0.843487306867385 
1.0 1.0 1.0 1.0 1.0 1.0 1.0 1.0 0.10367767924386173 
1.0 1.0 1.0 1.0 1.0 1.0 1.0 1.0 0.31926510980618605 
1.0 1.0 1.0 1.0 1.0 1.0 1.0 1.0 0.21752757152230984 
1.0 1.0 1.0 1.0 1.0 1.0 1.0 1.0 0.020187583969436762 
1.0 1.0 1.0 1.0 1.0 1.0 1.0 1.0 0.12355686135505617 
1.0 1.0 1.0 1.0 1.0 1.0 1.0 1.0 0.05223354058817964 
1.0 1.0 1.0 1.0 1.0 1.0 1.0 1.0 0.41126497085318525 
1.0 1.0 1.0 1.0 1.0 1.0 1.0 1.0 0.08741314914408627 
1.0 1.0 1.0 1.0 1.0 1.0 1.0 1.0 0.42371564539079554 
1.0 1.0 1.0 1.0 1.0 1.0 1.0 1.0 0.5591242069169171 
1.0 1.0 1.0 1.0 1.0 1.0 1.0 1.0 0.36373184996296914 
1.0 1.0 1.0 1.0 1.0 1.0 1.0 1.0 0.951720773442885 
1.0 1.0 1.0 1.0 1.0 1.0 1.0 1.0 0.3903096501806389 
1.0 1.0 1.0 1.0 1.0 1.0 1.0 1.0 0.6926986128199788 
1.0 1.0 1.0 1.0 1.0 1.0 1.0 1.0 0.6797051361600671 
1.0 1.0 1.0 1.0 1.0 1.0 1.0 1.0 0.9764155457680564 
1.0 1.0 1.0 1.0 1.0 1.0 1.0 1.0 0.9751012948524118 
1.0 1.0 1.0 1.0 1.0 1.0 1.0 1.0 0.5422821768205699 
1.0 1.0 1.0 1.0 1.0 1.0 1.0 1.0 0.3635515269296825 
1.0 1.0 1.0 1.0 1.0 1.0 1.0 1.0 0.12294583433061979 
1.0 1.0 1.0 1.0 1.0 1.0 1.0 1.0 0.4143693806752008 
1.0 1.0 1.0 1.0 1.0 1.0 1.0 1.0 0.7149999275024101 
1.0 1.0 1.0 1.0 1.0 1.0 1.0 1.0 0.8787750477713238 
1.0 1.0 1.0 1.0 1.0 1.0 1.0 1.0 0.05248541003470775 
1.0 1.0 1.0 1.0 1.0 1.0 1.0 1.0 0.35174960061936367 
1.0 1.0 1.0 1.0 1.0 1.0 1.0 1.0 0.040574356415288726 
1.0 1.0 1.0 1.0 1.0 1.0 1.0 1.0 0.7888019762373726 
1.0 1.0 1.0 1.0 1.0 1.0 1.0 1.0 0.742772466028833 
1.0 1.0 1.0 1.0 1.0 1.0 1.0 1.0 0.8895748116348895 
1.0 1.0 1.0 1.0 1.0 1.0 1.0 1.0 0.9586811480295152 
1.0 1.0 1.0 1.0 1.0 1.0 1.0 1.0 0.32071652238416803 
1.0 1.0 1.0 1.0 1.0 1.0 1.0 1.0 0.8001468122838568 
1.0 1.0 1.0 1.0 1.0 1.0 1.0 1.0 0.9912334894884451 
1.0 1.0 1.0 1.0 1.0 1.0 1.0 1.0 0.6518776324462315 
1.0 1.0 1.0 1.0 1.0 1.0 1.0 1.0 0.892010689293722 
1.0 1.0 1.0 1.0 1.0 1.0 1.0 1.0 0.1802019569549289 
1.0 1.0 1.0 1.0 1.0 1.0 1.0 1.0 0.6428583482875965 
1.0 1.0 1.0 1.0 1.0 1.0 1.0 1.0 0.8971996660338537 
1.0 1.0 1.0 1.0 1.0 1.0 1.0 1.0 0.814631613891574 
1.0 1.0 1.0 1.0 1.0 1.0 1.0 1.0 0.4088220577618026 
1.0 1.0 1.0 1.0 1.0 1.0 1.0 1.0 0.778332596415968 
1.0 1.0 1.0 1.0 1.0 1.0 1.0 1.0 0.901792866264796 
1.0 2.0 1.0 1.0 1.0 1.0 1.0 1.0 0.0017217007642396087 
1.0 1.0 1.0 1.0 1.0 1.0 1.0 1.0 0.41192302656629676 
1.0 1.0 1.0 1.0 1.0 1.0 1.0 1.0 0.37408894534503534 
1.0 1.0 1.0 1.0 1.0 2.0 1.0 1.0 0.8873436554937479 
1.0 1.0 2.0 1.0 1.0 3.0 1.0 1.0 0.34250082641713353 
1.0 1.0 2.0 1.0 1.0 2.0 1.0 2.0 0.9909684578728005 
1.0 1.0 1.0 1.0 1.0 1.0 2.0 2.0 0.5582122392193596 
1.0 1.0 2.0 1.0 1.0 2.0 2.0 1.0 0.44511060526451907 
1.0 1.0 2.0 1.0 1.0 3.0 1.0 1.0 0.034114258784542884 
1.0 1.0 1.0 1.0 1.0 3.0 1.0 1.0 0.8250936024766433 
1.0 1.0 1.0 1.0 1.0 3.0 1.0 1.0 0.48477948374243907 
1.0 1.0 1.0 1.0 1.0 3.0 1.0 1.0 0.4238819546442266 
1.0 1.0 1.0 2.0 1.0 2.0 1.0 1.0 0.48979490073818455 
1.0 1.0 1.0 2.0 1.0 2.0 1.0 1.0 0.4598287028479767 
1.0 1.0 1.0 2.0 1.0 2.0 1.0 1.0 0.5971407236393907 
1.0 1.0 1.0 3.0 1.0 1.0 1.0 1.0 0.9094199975338227 
1.0 1.0 1.0 3.0 1.0 1.0 1.0 1.0 0.5860240271428209 
1.0 1.0 1.0 3.0 1.0 1.0 1.0 1.0 0.3548030606010185 
1.0 1.0 1.0 2.0 2.0 1.0 1.0 1.0 0.255309009276114 
1.0 1.0 1.0 1.0 2.0 2.0 1.0 1.0 0.1723169573974408 
1.0 1.0 1.0 1.0 2.0 2.0 1.0 1.0 0.9781236302019296 
1.0 1.0 1.0 1.0 2.0 1.0 1.0 2.0 0.437719019678921 
1.0 1.0 2.0 1.0 1.0 2.0 1.0 2.0 0.10472382136905689 
1.0 1.0 2.0 1.0 2.0 2.0 1.0 1.0 0.9721681585810219 
1.0 1.0 1.0 1.0 2.0 2.0 1.0 1.0 0.48313292566021027 
1.0 1.0 1.0 1.0 1.0 3.0 1.0 1.0 0.5299571786129129 
1.0 1.0 1.0 1.0 1.0 2.0 1.0 1.0 0.45394272958761894 
1.0 4.0 1.0 1.0 1.0 3.0 1.0 1.0 0.4109881292192271 
1.0 2.0 1.0 1.0 2.0 2.0 1.0 1.0 0.4831845020083152 
1.0 1.0 1.0 1.0 2.0 1.0 2.0 1.0 0.6643672102328585 
1.0 1.0 1.0 1.0 1.0 2.0 3.0 1.0 0.12350400854318888 
1.0 1.0 2.0 1.0 1.0 4.0 2.0 1.0 0.04340922554062521 
1.0 1.0 2.0 1.0 1.0 4.0 1.0 2.0 0.7888217478271428 
1.0 1.0 1.0 1.0 1.0 3.0 2.0 2.0 0.9710287552272433 
1.0 1.0 2.0 1.0 1.0 3.0 3.0 1.0 0.03666791989340312 
1.0 1.0 2.0 1.0 1.0 4.0 2.0 1.0 0.8387700692150478 
1.0 1.0 1.0 1.0 1.0 5.0 1.0 1.0 0.5853868951834245 
1.0 1.0 1.0 1.0 1.0 5.0 1.0 1.0 0.6809570049507248 
1.0 1.0 1.0 1.0 1.0 5.0 1.0 1.0 0.6037138339855774 
1.0 1.0 1.0 3.0 1.0 3.0 1.0 1.0 0.035316297020858256 
1.0 1.0 1.0 4.0 1.0 2.0 1.0 1.0 0.2371002461216809 
1.0 1.0 1.0 4.0 1.0 2.0 1.0 1.0 0.7661032445864631 
1.0 1.0 1.0 5.0 1.0 1.0 1.0 1.0 0.7894648941409952 
1.0 1.0 1.0 5.0 1.0 1.0 1.0 1.0 0.4594933361445973 
1.0 1.0 1.0 4.0 1.0 2.0 1.0 1.0 0.9579423610552643 
1.0 1.0 1.0 2.0 3.0 2.0 1.0 1.0 0.5829703710883198 
1.0 1.0 1.0 1.0 3.0 3.0 1.0 1.0 0.2589611436632214 
1.0 1.0 1.0 1.0 2.0 4.0 1.0 1.0 0.8165966937016527 
1.0 1.0 1.0 2.0 2.0 2.0 1.0 2.0 0.9919516288970439 
1.0 1.0 2.0 2.0 2.0 2.0 1.0 2.0 0.15027159893971875 
1.0 1.0 2.0 1.0 4.0 2.0 1.0 1.0 0.9081598340623808 
1.0 1.0 1.0 1.0 3.0 3.0 1.0 1.0 0.04817981234435187 
1.0 1.0 1.0 1.0 1.0 4.0 2.0 1.0 0.05498279797530836 
1.0 1.0 1.0 1.0 1.0 2.0 2.0 1.0 0.97545222708066 
1.0 3.0 3.0 1.0 1.0 5.0 1.0 1.0 0.5582212993210681 
1.0 4.0 1.0 1.0 2.0 3.0 1.0 2.0 0.8334911440842048 
1.0 1.0 1.0 1.0 3.0 1.0 2.0 2.0 0.08106313706820745 
1.0 1.0 2.0 1.0 2.0 2.0 3.0 1.0 0.04609037588521547 
1.0 1.0 2.0 1.0 1.0 4.0 2.0 1.0 0.12395413231850905 
1.0 1.0 1.0 1.0 1.0 5.0 1.0 1.0 0.03689505135023108 
1.0 1.0 1.0 1.0 1.0 5.0 1.0 1.0 0.933684236328044 
1.0 1.0 1.0 1.0 1.0 4.0 2.0 1.0 0.3520005506801991 
1.0 1.0 1.0 1.0 1.0 4.0 2.0 1.0 0.9631667318340033 
1.0 1.0 1.0 1.0 1.0 5.0 1.0 1.0 0.051939641709901396 
1.0 1.0 1.0 1.0 1.0 5.0 1.0 1.0 0.8424717043660984 
1.0 1.0 1.0 1.0 1.0 5.0 1.0 1.0 0.27518318148961973 
1.0 1.0 1.0 2.0 1.0 4.0 1.0 1.0 0.6662821763786968 
1.0 1.0 1.0 4.0 1.0 2.0 1.0 1.0 0.5844701052887944 
1.0 1.0 2.0 5.0 1.0 1.0 1.0 1.0 0.3613863544176097 
1.0 1.0 2.0 5.0 1.0 1.0 1.0 1.0 0.8125745390329442 
1.0 1.0 1.0 5.0 1.0 1.0 1.0 1.0 0.4644266578197057 
1.0 1.0 1.0 3.0 2.0 2.0 1.0 1.0 0.5200570361569272 
1.0 1.0 1.0 1.0 3.0 3.0 1.0 1.0 0.8625958145072975 
1.0 1.0 1.0 1.0 2.0 4.0 1.0 1.0 0.8544587575449735 
1.0 1.0 1.0 1.0 2.0 4.0 1.0 1.0 0.3605969196457134 
1.0 1.0 1.0 2.0 2.0 3.0 1.0 1.0 0.720691295650262 
1.0 1.0 1.0 2.0 2.0 3.0 1.0 1.0 0.5980687347148829 
1.0 1.0 2.0 1.0 3.0 3.0 1.0 1.0 0.2563453027656215 
1.0 1.0 2.0 1.0 2.0 4.0 1.0 1.0 0.21146341786101064 
1.0 1.0 1.0 2.0 1.0 3.0 2.0 1.0 0.03402249256775236 
1.0 1.0 1.0 2.0 1.0 1.0 2.0 1.0 0.0961335174814858 
1.0 2.0 3.0 1.0 1.0 3.0 2.0 2.0 0.8295795000524868 
1.0 3.0 2.0 1.0 1.0 2.0 3.0 2.0 0.13383645188872906 
1.0 1.0 2.0 1.0 2.0 1.0 2.0 3.0 0.2208059630089405 
1.0 1.0 2.0 1.0 2.0 3.0 1.0 2.0 0.06314458707069714 
1.0 1.0 2.0 1.0 1.0 5.0 1.0 1.0 0.9222656069175963 
1.0 1.0 1.0 1.0 2.0 4.0 1.0 1.0 0.6401889840234032 
1.0 1.0 1.0 1.0 3.0 3.0 1.0 1.0 0.9242604297097011 
1.0 1.0 1.0 2.0 2.0 3.0 1.0 1.0 0.13558597738372846 
1.0 1.0 1.0 3.0 1.0 3.0 1.0 1.0 0.22400040865160453 
1.0 1.0 3.0 2.0 1.0 4.0 1.0 1.0 0.5987200333332676 
1.0 1.0 3.0 2.0 1.0 4.0 1.0 1.0 0.07130111386973415 
1.0 1.0 1.0 2.0 1.0 3.0 1.0 2.0 0.42643851063590843 
1.0 1.0 2.0 1.0 1.0 3.0 1.0 3.0 0.11761148704814828 
1.0 1.0 7.0 2.0 1.0 2.0 2.0 2.0 0.7437802068637616 
1.0 1.0 7.0 3.0 1.0 1.0 3.0 1.0 0.6513899968609357 
1.0 1.0 3.0 3.0 1.0 2.0 2.0 1.0 0.4540400831611979 
1.0 1.0 2.0 3.0 1.0 3.0 1.0 1.0 0.7621783837696992 
1.0 1.0 1.0 2.0 2.0 3.0 1.0 1.0 0.12817943814491417 
1.0 1.0 1.0 2.0 2.0 3.0 1.0 1.0 0.04852752673805971 
1.0 1.0 1.0 2.0 2.0 3.0 1.0 1.0 0.14504667654803105 
1.0 1.0 1.0 1.0 4.0 2.0 1.0 1.0 0.3999077582537962 
1.0 1.0 1.0 1.0 3.0 2.0 1.0 1.0 0.822657359180917 
1.0 1.0 2.0 1.0 1.0 3.0 1.0 1.0 0.30313469677346194 
1.0 1.0 3.0 1.0 2.0 3.0 1.0 1.0 0.3078397755756509 
1.0 1.0 2.0 1.0 2.0 3.0 1.0 1.0 0.6301304144886605 
1.0 1.0 1.0 2.0 1.0 2.0 1.0 1.0 0.09699800245394496 
1.0 1.0 1.0 2.0 1.0 1.0 1.0 1.0 0.8089338327166083 
1.0 1.0 1.0 1.0 1.0 3.0 2.0 2.0 0.7973613904248339 
1.0 1.0 2.0 1.0 1.0 3.0 3.0 1.0 0.8225829608564573 
1.0 1.0 2.0 1.0 1.0 2.0 2.0 3.0 0.9289518926808583 
1.0 1.0 3.0 2.0 1.0 2.0 1.0 3.0 0.5212455458290562 
1.0 1.0 3.0 2.0 1.0 3.0 1.0 2.0 0.6770055806660407 
1.0 1.0 1.0 1.0 3.0 2.0 1.0 2.0 0.5236263091269445 
1.0 1.0 1.0 2.0 4.0 1.0 1.0 1.0 0.1903040483999281 
1.0 1.0 1.0 4.0 2.0 1.0 1.0 1.0 0.9595180575746666 
1.0 1.0 1.0 5.0 1.0 1.0 1.0 1.0 0.0411366444046668 
1.0 1.0 3.0 3.0 1.0 2.0 2.0 1.0 0.06003315392094577 
1.0 1.0 3.0 2.0 1.0 2.0 2.0 2.0 0.99074960993899 
1.0 1.0 3.0 2.0 1.0 2.0 1.0 3.0 0.5713390182109703 
1.0 1.0 7.0 1.0 2.0 2.0 1.0 3.0 0.5433361113532974 
1.0 1.0 13.0 1.0 3.0 1.0 2.0 2.0 0.001842297691824868 
1.0 1.0 9.0 1.0 2.0 2.0 3.0 1.0 0.8232037436020628 
1.0 1.0 2.0 1.0 1.0 3.0 3.0 1.0 0.8647638077221901 
1.0 1.0 2.0 1.0 1.0 4.0 2.0 1.0 0.7947545122549234 
1.0 1.0 1.0 1.0 1.0 5.0 1.0 1.0 0.2126039145732579 
1.0 1.0 1.0 2.0 1.0 4.0 1.0 1.0 0.2776614087413839 
1.0 1.0 1.0 2.0 2.0 3.0 1.0 1.0 0.509602406554349 
1.0 1.0 1.0 1.0 3.0 3.0 1.0 1.0 0.8951050245755765 
1.0 1.0 1.0 1.0 2.0 2.0 2.0 1.0 0.09230899132541937 
1.0 1.0 2.0 1.0 1.0 1.0 2.0 1.0 0.07483538220786234 
1.0 1.0 2.0 1.0 2.0 1.0 1.0 1.0 0.8248732736516095 
1.0 1.0 1.0 1.0 2.0 1.0 1.0 1.0 0.8809368921195341 
1.0 1.0 1.0 1.0 1.0 1.0 1.0 1.0 0.04678938405416444 
1.0 1.0 1.0 1.0 1.0 1.0 1.0 1.0 0.8886788878866103 
1.0 1.0 1.0 1.0 2.0 4.0 1.0 1.0 0.8619804478168346 
1.0 1.0 1.0 1.0 1.0 5.0 1.0 1.0 0.3002761326047172 
1.0 1.0 2.0 1.0 1.0 3.0 1.0 3.0 0.8572644505298296 
1.0 1.0 5.0 2.0 1.0 2.0 1.0 3.0 0.38831132619838926 
1.0 1.0 4.0 2.0 1.0 3.0 1.0 2.0 0.7829618441081002 
1.0 1.0 1.0 2.0 2.0 2.0 1.0 2.0 0.48000004703153454 
1.0 1.0 2.0 4.0 2.0 1.0 1.0 1.0 0.26645621916427875 
1.0 1.0 2.0 5.0 1.0 1.0 1.0 1.0 0.222084087501083 
1.0 1.0 3.0 4.0 1.0 2.0 1.0 1.0 0.8029777681889079 
1.0 1.0 4.0 2.0 2.0 2.0 2.0 1.0 0.9517551804058509 
1.0 1.0 2.0 1.0 3.0 1.0 2.0 2.0 0.4927310795618952 
1.0 1.0 3.0 1.0 3.0 2.0 1.0 2.0 0.6016191034004603 
1.0 1.0 6.0 1.0 3.0 3.0 1.0 1.0 0.13414340356955812 
1.0 1.0 7.0 1.0 4.0 2.0 1.0 1.0 0.2979451408638689 
1.0 1.0 4.0 1.0 3.0 3.0 1.0 1.0 0.16164771850399973 
1.0 1.0 1.0 1.0 1.0 4.0 2.0 1.0 0.8459952357851744 
1.0 1.0 1.0 1.0 2.0 3.0 2.0 1.0 0.8524910589278724 
1.0 1.0 1.0 1.0 3.0 3.0 1.0 1.0 0.760704618169632 
1.0 1.0 1.0 1.0 2.0 4.0 1.0 1.0 0.7500892768553329 
1.0 1.0 1.0 2.0 1.0 4.0 1.0 1.0 0.18117142675230524 
1.0 1.0 1.0 2.0 1.0 4.0 1.0 1.0 0.33049502051130786 
1.0 1.0 1.0 1.0 1.0 3.0 2.0 1.0 0.05747366341975546 
1.0 1.0 1.0 1.0 1.0 1.0 2.0 1.0 0.03913922753013899 
1.0 1.0 1.0 1.0 1.0 1.0 1.0 1.0 0.2783256398519468 
1.0 1.0 1.0 1.0 1.0 1.0 1.0 1.0 0.4468744617914914 
1.0 1.0 1.0 1.0 1.0 1.0 1.0 1.0 0.43854701780252237 
1.0 1.0 1.0 1.0 1.0 1.0 1.0 1.0 0.8308847046391018 
1.0 1.0 1.0 1.0 2.0 4.0 1.0 1.0 0.5502096540739941 
1.0 1.0 1.0 1.0 1.0 4.0 2.0 1.0 0.9349339518066064 
1.0 1.0 2.0 1.0 1.0 3.0 2.0 2.0 0.41534618868963635 
1.0 1.0 4.0 1.0 1.0 4.0 1.0 2.0 0.9715036686433116 
1.0 1.0 3.0 1.0 1.0 5.0 1.0 1.0 0.6363970455379229 
1.0 1.0 1.0 2.0 1.0 4.0 1.0 1.0 0.786638405109527 
1.0 1.0 2.0 3.0 1.0 3.0 1.0 1.0 0.5000996343162665 
1.0 1.0 2.0 3.0 2.0 2.0 1.0 1.0 0.43584189529483985 
1.0 1.0 3.0 2.0 3.0 2.0 1.0 1.0 0.9554528553947862 
1.0 1.0 4.0 1.0 3.0 3.0 1.0 1.0 0.8900713887465646 
1.0 1.0 2.0 1.0 4.0 2.0 1.0 1.0 0.13461098461328203 
1.0 1.0 1.0 1.0 5.0 1.0 1.0 1.0 0.03414468100575385 
1.0 1.0 1.0 1.0 3.0 3.0 1.0 1.0 0.7591824668166642 
1.0 1.0 1.0 2.0 2.0 3.0 1.0 1.0 0.7950417408030777 
1.0 1.0 1.0 2.0 2.0 3.0 1.0 1.0 0.9534209781472381 
1.0 1.0 1.0 1.0 1.0 5.0 1.0 1.0 0.40215286321051424 
1.0 1.0 1.0 1.0 3.0 3.0 1.0 1.0 0.6397562694734268 
1.0 1.0 1.0 1.0 5.0 1.0 1.0 1.0 0.6426041110888943 
1.0 1.0 1.0 1.0 3.0 3.0 1.0 1.0 0.2965697382091603 
1.0 1.0 1.0 2.0 1.0 4.0 1.0 1.0 0.0495714811442145 
1.0 1.0 1.0 2.0 1.0 3.0 1.0 1.0 0.053170845574750714 
1.0 1.0 1.0 1.0 1.0 2.0 1.0 1.0 0.15406510908383575 
1.0 1.0 1.0 1.0 1.0 1.0 1.0 1.0 0.06034199754914982 
1.0 1.0 1.0 1.0 1.0 1.0 1.0 1.0 0.279179230555639 
1.0 1.0 1.0 1.0 1.0 1.0 1.0 1.0 0.7766464605471776 
1.0 1.0 1.0 1.0 2.0 1.0 1.0 1.0 0.5901861799711743 
1.0 1.0 1.0 1.0 2.0 1.0 1.0 1.0 0.35183318505783834 
1.0 1.0 1.0 1.0 1.0 5.0 1.0 1.0 0.3853588514988796 
1.0 1.0 1.0 1.0 1.0 3.0 3.0 1.0 0.33473305373694395 
1.0 1.0 2.0 1.0 1.0 3.0 3.0 1.0 0.052433571246673916 
1.0 1.0 4.0 1.0 1.0 5.0 1.0 1.0 0.19837450433034387 
1.0 1.0 3.0 1.0 1.0 5.0 1.0 1.0 0.8192803776425028 
1.0 1.0 1.0 1.0 1.0 5.0 1.0 1.0 0.24780388824862898 
1.0 1.0 2.0 1.0 1.0 4.0 1.0 2.0 0.37959575063302375 
1.0 1.0 2.0 1.0 2.0 3.0 1.0 2.0 0.1891359479092103 
1.0 1.0 1.0 2.0 3.0 2.0 1.0 1.0 0.03452385762942545 
1.0 1.0 1.0 2.0 3.0 2.0 1.0 1.0 0.11295413899447837 
1.0 1.0 1.0 2.0 3.0 2.0 1.0 1.0 0.0052396516733865806 
1.0 1.0 1.0 3.0 3.0 1.0 1.0 1.0 0.516692748904387 
1.0 1.0 2.0 3.0 2.0 2.0 1.0 1.0 0.9019643220798739 
1.0 1.0 3.0 3.0 2.0 2.0 1.0 1.0 0.8815304647699435 
1.0 1.0 3.0 2.0 2.0 3.0 1.0 1.0 0.7784188795769722 
1.0 1.0 2.0 2.0 1.0 4.0 1.0 1.0 0.4346541604283529 
1.0 1.0 1.0 3.0 2.0 2.0 1.0 1.0 0.5168820474184115 
1.0 1.0 1.0 2.0 4.0 1.0 1.0 1.0 0.8919427042998506 
1.0 1.0 2.0 1.0 3.0 3.0 1.0 1.0 0.5545761008435921 
1.0 1.0 2.0 1.0 1.0 5.0 1.0 1.0 0.659594500776459 
1.0 1.0 1.0 1.0 1.0 3.0 1.0 1.0 0.6781245706099387 
1.0 1.0 1.0 1.0 1.0 1.0 1.0 1.0 0.8963756310134973 
1.0 1.0 1.0 1.0 1.0 1.0 1.0 1.0 0.5231845289311862 
1.0 1.0 1.0 1.0 1.0 1.0 1.0 1.0 0.8154122463134315 
1.0 1.0 1.0 1.0 1.0 1.0 1.0 1.0 0.46638638881902084 
1.0 1.0 1.0 1.0 2.0 1.0 2.0 1.0 0.38039181554946455 
1.0 1.0 1.0 1.0 2.0 1.0 2.0 1.0 0.6613052777706091 
1.0 1.0 1.0 1.0 1.0 4.0 2.0 1.0 0.06392820027446411 
1.0 1.0 1.0 1.0 1.0 3.0 3.0 1.0 0.7287300481485333 
1.0 1.0 2.0 1.0 1.0 4.0 2.0 1.0 0.9644997955214774 
1.0 1.0 3.0 1.0 1.0 5.0 1.0 1.0 0.7815304045006957 
1.0 1.0 2.0 1.0 1.0 5.0 1.0 1.0 0.1979568280633096 
1.0 1.0 1.0 1.0 1.0 5.0 1.0 1.0 0.6443035796393862 
1.0 1.0 2.0 1.0 1.0 4.0 1.0 2.0 0.20099279231116507 
1.0 1.0 2.0 2.0 1.0 3.0 1.0 2.0 0.9585110306170519 
1.0 1.0 1.0 4.0 1.0 2.0 1.0 1.0 0.6241939021153395 
1.0 1.0 1.0 4.0 2.0 1.0 1.0 1.0 0.7495959955268235 
1.0 1.0 1.0 3.0 2.0 2.0 1.0 1.0 0.47673679581951867 
1.0 1.0 1.0 3.0 1.0 3.0 1.0 1.0 0.5462641397716064 
1.0 1.0 3.0 4.0 1.0 2.0 1.0 1.0 0.08605647726216925 
1.0 1.0 4.0 3.0 2.0 2.0 1.0 1.0 0.8577043191300133 
1.0 1.0 4.0 1.0 2.0 4.0 1.0 1.0 0.09385642769449654 
1.0 1.0 3.0 3.0 1.0 3.0 1.0 1.0 0.8059439779980728 
1.0 1.0 1.0 4.0 1.0 2.0 1.0 1.0 0.6560666269132979 
1.0 1.0 1.0 3.0 2.0 2.0 1.0 1.0 0.49907371585029325 
1.0 1.0 3.0 2.0 2.0 2.0 1.0 2.0 0.8964801587879714 
1.0 1.0 3.0 1.0 1.0 3.0 1.0 2.0 0.48587311091973706 
1.0 1.0 1.0 1.0 1.0 2.0 1.0 1.0 0.5248051045039022 
1.0 1.0 1.0 1.0 1.0 1.0 1.0 1.0 0.45400678289364094 
1.0 1.0 1.0 1.0 1.0 1.0 1.0 1.0 0.3380043558715713 
1.0 1.0 1.0 1.0 1.0 1.0 1.0 1.0 0.1895044047636869 
1.0 1.0 1.0 1.0 1.0 1.0 1.0 1.0 0.14198161499819595 
1.0 1.0 1.0 1.0 1.0 1.0 3.0 1.0 0.032308609716621195 
1.0 1.0 1.0 1.0 1.0 1.0 3.0 1.0 0.355904686120878 
1.0 1.0 1.0 1.0 1.0 4.0 2.0 1.0 0.9447708634331402 
1.0 1.0 1.0 1.0 1.0 4.0 2.0 1.0 0.6116943777857367 
1.0 1.0 1.0 1.0 1.0 5.0 1.0 1.0 0.7314229985063367 
1.0 1.0 1.0 1.0 1.0 5.0 1.0 1.0 0.1136277281153133 
1.0 1.0 1.0 1.0 1.0 5.0 1.0 1.0 0.3594561546509687 
1.0 1.0 1.0 1.0 1.0 5.0 1.0 1.0 0.09934449314701155 
1.0 1.0 3.0 1.0 2.0 4.0 1.0 1.0 0.8804202862403964 
1.0 1.0 3.0 3.0 2.0 2.0 1.0 1.0 0.6839949041905796 
1.0 1.0 1.0 5.0 1.0 1.0 1.0 1.0 0.3929423810468391 
1.0 1.0 1.0 4.0 1.0 2.0 1.0 1.0 0.526382861680198 
1.0 1.0 1.0 2.0 1.0 4.0 1.0 1.0 0.7151677295929647 
1.0 1.0 1.0 1.0 1.0 5.0 1.0 1.0 0.5525863636046972 
1.0 1.0 2.0 2.0 2.0 3.0 1.0 1.0 0.4335251753183661 
1.0 1.0 2.0 2.0 2.0 3.0 1.0 1.0 0.6056708526506538 
1.0 1.0 3.0 1.0 1.0 5.0 1.0 1.0 0.8623724523419242 
1.0 1.0 3.0 2.0 1.0 3.0 2.0 1.0 0.9703858503792956 
1.0 1.0 1.0 2.0 1.0 3.0 2.0 1.0 0.9242341722872381 
1.0 1.0 1.0 3.0 1.0 3.0 1.0 1.0 0.7962883653096823 
1.0 1.0 2.0 4.0 1.0 1.0 1.0 2.0 0.808426289644624 
1.0 1.0 2.0 2.0 1.0 1.0 1.0 2.0 0.1777606272189105 
1.0 1.0 2.0 1.0 1.0 1.0 1.0 1.0 0.1696470109100946 
1.0 1.0 2.0 1.0 1.0 1.0 1.0 1.0 0.6490859230158255 
1.0 1.0 1.0 1.0 1.0 1.0 1.0 1.0 0.025469593611395114 
1.0 1.0 1.0 1.0 1.0 1.0 1.0 1.0 0.6265525048305474 
1.0 1.0 1.0 1.0 1.0 1.0 1.0 1.0 0.6126324129305959 
1.0 1.0 1.0 1.0 1.0 2.0 2.0 1.0 0.8455395985691182 
1.0 1.0 1.0 1.0 1.0 2.0 2.0 1.0 0.0006309099264837359 
1.0 1.0 1.0 1.0 1.0 4.0 1.0 1.0 0.13775181806554615 
1.0 1.0 2.0 1.0 1.0 4.0 1.0 1.0 0.6483189139575362 
1.0 1.0 2.0 1.0 1.0 5.0 1.0 1.0 0.7304354343926697 
1.0 1.0 1.0 1.0 1.0 4.0 2.0 1.0 0.6895637929540492 
1.0 1.0 2.0 1.0 1.0 3.0 2.0 2.0 0.1686351296479791 
1.0 1.0 3.0 1.0 1.0 4.0 1.0 2.0 0.4014419854954048 
1.0 1.0 4.0 1.0 3.0 3.0 1.0 1.0 0.5297932914171205 
1.0 1.0 3.0 2.0 3.0 2.0 1.0 1.0 0.6930088160413542 
1.0 1.0 1.0 3.0 1.0 3.0 1.0 1.0 0.27989201371612327 
1.0 1.0 2.0 2.0 1.0 4.0 1.0 1.0 0.5189928308582418 
1.0 1.0 2.0 1.0 2.0 4.0 1.0 1.0 0.4952558810842894 
1.0 1.0 1.0 1.0 2.0 3.0 2.0 1.0 0.6463824472607088 
1.0 1.0 1.0 1.0 2.0 3.0 2.0 1.0 0.4391928305728652 
1.0 1.0 1.0 1.0 2.0 3.0 1.0 2.0 0.9725440970876197 
1.0 1.0 2.0 1.0 1.0 4.0 1.0 2.0 0.07130903341094763 
1.0 1.0 2.0 1.0 1.0 4.0 2.0 1.0 0.013259362877119485 
1.0 1.0 1.0 1.0 1.0 4.0 2.0 1.0 0.6295289740350632 
1.0 1.0 1.0 2.0 1.0 4.0 1.0 1.0 0.4428080936186739 
1.0 1.0 1.0 3.0 2.0 2.0 1.0 1.0 0.34965998932521725 
1.0 1.0 1.0 2.0 3.0 1.0 1.0 1.0 0.611107120081515 
1.0 1.0 2.0 1.0 2.0 1.0 1.0 1.0 0.19162527653188544 
1.0 1.0 2.0 1.0 1.0 1.0 1.0 1.0 0.21059855415676343 
1.0 1.0 1.0 1.0 1.0 1.0 1.0 1.0 0.8863689002414934 
1.0 1.0 1.0 1.0 1.0 1.0 1.0 1.0 0.888330234043491 
1.0 1.0 1.0 1.0 1.0 1.0 2.0 1.0 0.1619120381542266 
1.0 1.0 1.0 1.0 1.0 3.0 2.0 1.0 0.7048053929998458 
1.0 1.0 1.0 1.0 1.0 3.0 1.0 1.0 0.3857364491719486 
1.0 1.0 1.0 1.0 1.0 2.0 2.0 1.0 0.12555453910080827 
1.0 1.0 2.0 1.0 1.0 3.0 2.0 1.0 0.2647468229675989 
1.0 1.0 2.0 1.0 1.0 5.0 1.0 1.0 0.3312334486463746 
1.0 1.0 1.0 1.0 1.0 4.0 2.0 1.0 0.2785212793680252 
1.0 1.0 3.0 1.0 2.0 2.0 2.0 2.0 0.025951998198093795 
1.0 1.0 9.0 1.0 2.0 3.0 1.0 2.0 0.00579725387811747 
1.0 1.0 7.0 1.0 2.0 4.0 1.0 1.0 0.8984640411266754 
1.0 1.0 1.0 1.0 2.0 3.0 1.0 2.0 0.040902344478739194 
1.0 1.0 1.0 1.0 1.0 4.0 1.0 2.0 0.9072040322898203 
1.0 1.0 2.0 1.0 1.0 5.0 1.0 1.0 0.06938194881153625 
1.0 1.0 2.0 1.0 3.0 3.0 1.0 1.0 0.11095736343067719 
1.0 1.0 1.0 1.0 4.0 1.0 2.0 1.0 0.07342298464165409 
1.0 1.0 2.0 1.0 2.0 3.0 2.0 1.0 0.012682170740971666 
1.0 1.0 2.0 1.0 1.0 4.0 1.0 2.0 0.14772354812960087 
1.0 1.0 1.0 1.0 1.0 4.0 1.0 2.0 0.6330599452540184 
1.0 1.0 1.0 1.0 1.0 5.0 1.0 1.0 0.3980768363152093 
1.0 1.0 1.0 1.0 1.0 5.0 1.0 1.0 0.00839257461780496 
1.0 1.0 1.0 1.0 1.0 5.0 1.0 1.0 0.6182443138012245 
1.0 1.0 1.0 2.0 2.0 3.0 1.0 1.0 0.17070516722307305 
1.0 1.0 1.0 2.0 3.0 1.0 2.0 1.0 0.45778643245257555 
1.0 1.0 1.0 1.0 2.0 2.0 2.0 1.0 0.9076470940820893 
1.0 1.0 2.0 1.0 1.0 3.0 1.0 1.0 0.47264141830143747 
1.0 1.0 3.0 1.0 1.0 2.0 1.0 1.0 0.9663375123899115 
1.0 1.0 2.0 1.0 1.0 1.0 1.0 1.0 0.025681051824292478 
1.0 1.0 1.0 1.0 1.0 2.0 2.0 1.0 0.4754601477437663 
1.0 1.0 1.0 1.0 1.0 4.0 2.0 1.0 0.8205244887108746 
1.0 1.0 1.0 1.0 1.0 3.0 1.0 1.0 0.30385763602429117 
1.0 1.0 1.0 1.0 1.0 1.0 2.0 1.0 0.3834363450714866 
1.0 1.0 1.0 1.0 1.0 3.0 2.0 1.0 0.2807423318643144 
1.0 1.0 1.0 1.0 1.0 5.0 1.0 1.0 0.5024100701733327 
1.0 1.0 2.0 1.0 1.0 5.0 1.0 1.0 0.45039798075783044 
1.0 1.0 5.0 1.0 3.0 3.0 1.0 1.0 0.782395080734547 
1.0 1.0 11.0 1.0 4.0 2.0 1.0 1.0 0.49693668266419844 
1.0 1.0 8.0 1.0 2.0 4.0 1.0 1.0 0.31834006162661377 
1.0 1.0 1.0 1.0 1.0 4.0 1.0 2.0 0.7529007887562678 
1.0 1.0 2.0 1.0 1.0 4.0 1.0 2.0 0.0896146814886023 
1.0 1.0 2.0 1.0 1.0 5.0 1.0 1.0 0.9450801124154169 
1.0 1.0 1.0 1.0 2.0 4.0 1.0 1.0 0.7584033168393 
1.0 1.0 2.0 1.0 3.0 3.0 1.0 1.0 0.6317373270703001 
1.0 1.0 4.0 1.0 2.0 4.0 1.0 1.0 0.23620904000733411 
1.0 1.0 3.0 1.0 1.0 5.0 1.0 1.0 0.39850703929311915 
1.0 1.0 1.0 1.0 1.0 5.0 1.0 1.0 0.5966891919490588 
1.0 1.0 1.0 1.0 1.0 4.0 1.0 1.0 0.38674495086600746 
1.0 1.0 1.0 1.0 1.0 4.0 1.0 1.0 0.6243662731510625 
1.0 1.0 1.0 1.0 1.0 4.0 1.0 1.0 0.11497878346838275 
1.0 1.0 1.0 2.0 1.0 3.0 1.0 1.0 0.5038831687049059 
1.0 1.0 1.0 2.0 1.0 2.0 3.0 1.0 0.7379223313568238 
1.0 1.0 1.0 1.0 1.0 2.0 4.0 1.0 0.13215106127896215 
1.0 1.0 2.0 1.0 1.0 3.0 3.0 1.0 0.9881235356508453 
1.0 1.0 3.0 1.0 1.0 2.0 3.0 1.0 0.712838646321874 
1.0 1.0 2.0 1.0 1.0 2.0 2.0 1.0 0.006650329084224249 
1.0 1.0 1.0 1.0 1.0 3.0 2.0 1.0 0.7658098316476528 
1.0 1.0 1.0 1.0 1.0 3.0 3.0 1.0 0.766722329931504 
1.0 1.0 1.0 1.0 1.0 2.0 2.0 1.0 0.6431171558206724 
1.0 1.0 1.0 1.0 1.0 1.0 1.0 1.0 0.6429198668553966 
1.0 1.0 1.0 1.0 2.0 2.0 1.0 1.0 0.13402259434916353 
1.0 1.0 1.0 1.0 2.0 3.0 1.0 2.0 0.8138954328448391 
1.0 1.0 2.0 1.0 1.0 3.0 1.0 3.0 0.9421643608783704 
1.0 1.0 4.0 1.0 3.0 2.0 1.0 2.0 0.08239218999616904 
1.0 1.0 8.0 1.0 4.0 1.0 1.0 2.0 0.45007597955058576 
1.0 1.0 6.0 1.0 2.0 3.0 1.0 2.0 0.6166606466756694 
1.0 1.0 1.0 1.0 1.0 5.0 1.0 1.0 0.4314871640000557 
1.0 1.0 2.0 1.0 1.0 5.0 1.0 1.0 0.968173437045563 
1.0 1.0 2.0 1.0 1.0 4.0 1.0 2.0 0.09841419932816176 
1.0 1.0 1.0 1.0 1.0 4.0 1.0 2.0 0.056810505365268105 
1.0 1.0 3.0 1.0 1.0 5.0 1.0 1.0 0.9539682253593057 
1.0 1.0 4.0 1.0 2.0 4.0 1.0 1.0 0.8297945687517545 
1.0 1.0 2.0 1.0 2.0 3.0 2.0 1.0 0.5469852647260877 
1.0 1.0 1.0 1.0 1.0 4.0 2.0 1.0 0.09071989731136143 
1.0 1.0 1.0 1.0 1.0 3.0 1.0 1.0 0.2746784388857205 
1.0 1.0 1.0 1.0 2.0 2.0 1.0 1.0 0.7997382708371026 
1.0 1.0 1.0 1.0 2.0 2.0 1.0 1.0 0.21776343248415142 
1.0 1.0 1.0 1.0 1.0 2.0 1.0 1.0 0.7032541660339287 
1.0 1.0 3.0 1.0 1.0 2.0 2.0 1.0 0.023459780002735076 
1.0 1.0 3.0 1.0 1.0 1.0 3.0 1.0 0.30698315909748153 
1.0 1.0 1.0 1.0 1.0 1.0 3.0 1.0 0.08468200611477317 
1.0 1.0 1.0 1.0 1.0 1.0 3.0 1.0 0.5869778207190969 
1.0 1.0 1.0 1.0 1.0 3.0 2.0 1.0 0.38631879897849997 
1.0 1.0 1.0 1.0 1.0 3.0 2.0 1.0 0.8657705635197996 
1.0 1.0 1.0 1.0 1.0 1.0 3.0 1.0 0.3088228648300583 
1.0 1.0 1.0 1.0 1.0 1.0 2.0 1.0 0.8753571345992834 
1.0 1.0 1.0 1.0 1.0 1.0 1.0 1.0 0.6582705408065039 
1.0 1.0 1.0 1.0 2.0 1.0 1.0 1.0 0.8792254021891607 
1.0 1.0 1.0 1.0 2.0 1.0 1.0 3.0 0.44909291746509616 
1.0 1.0 1.0 1.0 1.0 1.0 2.0 4.0 0.9946302231787071 
1.0 1.0 1.0 1.0 2.0 1.0 2.0 3.0 0.07422131576919222 
1.0 1.0 4.0 1.0 2.0 1.0 1.0 4.0 0.04508523084924576 
1.0 1.0 4.0 1.0 1.0 3.0 1.0 3.0 0.11390104429808501 
1.0 1.0 1.0 1.0 1.0 4.0 1.0 1.0 0.2826961767945405 
1.0 1.0 1.0 1.0 1.0 3.0 1.0 1.0 0.40627380117128176 
1.0 1.0 1.0 1.0 1.0 2.0 1.0 2.0 0.977048450570703 
1.0 1.0 1.0 1.0 1.0 2.0 1.0 2.0 0.35301263598556887 
1.0 1.0 2.0 1.0 1.0 4.0 1.0 1.0 0.8448262446934997 
1.0 1.0 2.0 1.0 2.0 4.0 1.0 1.0 0.7230159335731283 
1.0 1.0 1.0 1.0 2.0 3.0 2.0 1.0 0.9506693474039442 
1.0 1.0 1.0 1.0 1.0 3.0 3.0 1.0 0.992438582316197 
1.0 1.0 1.0 1.0 1.0 2.0 3.0 1.0 0.4230387188030408 
1.0 1.0 1.0 1.0 2.0 1.0 3.0 1.0 0.8685097738884189 
1.0 1.0 1.0 1.0 2.0 2.0 2.0 1.0 0.44860041145582696 
1.0 1.0 1.0 1.0 1.0 2.0 1.0 1.0 0.41762970788346165 
1.0 1.0 3.0 1.0 1.0 1.0 1.0 1.0 0.5426347665415014 
1.0 1.0 3.0 1.0 1.0 1.0 1.0 1.0 0.6387172129992978 
1.0 1.0 1.0 1.0 1.0 1.0 1.0 1.0 0.9487578081523851 
1.0 1.0 1.0 1.0 1.0 1.0 2.0 1.0 0.16037013877192974 
1.0 1.0 1.0 1.0 1.0 3.0 2.0 1.0 0.28806313577140585 
1.0 1.0 1.0 1.0 1.0 3.0 1.0 1.0 0.581689754626364 
1.0 1.0 1.0 1.0 1.0 1.0 1.0 1.0 0.4028953783650826 
1.0 1.0 1.0 1.0 1.0 1.0 1.0 1.0 0.5745654203531055 
1.0 1.0 1.0 1.0 1.0 1.0 1.0 1.0 0.5418294691595381 
1.0 1.0 2.0 1.0 1.0 1.0 1.0 1.0 0.17733718768460183 
1.0 1.0 2.0 1.0 1.0 1.0 1.0 2.0 0.49539596233643 
1.0 1.0 1.0 1.0 1.0 1.0 2.0 2.0 0.6528232437722923 
1.0 1.0 1.0 1.0 1.0 1.0 2.0 2.0 0.10282509070708146 
1.0 1.0 1.0 1.0 1.0 2.0 1.0 3.0 0.05628898997124998 
1.0 1.0 1.0 1.0 1.0 3.0 1.0 2.0 0.8855928573823031 
1.0 1.0 1.0 1.0 1.0 2.0 1.0 1.0 0.3684927806011449 
1.0 1.0 1.0 1.0 1.0 1.0 1.0 1.0 0.871073739467971 
1.0 1.0 1.0 1.0 1.0 1.0 1.0 2.0 0.9453927188290582 
1.0 1.0 1.0 1.0 1.0 1.0 1.0 2.0 0.5205635040925839 
1.0 1.0 1.0 1.0 1.0 2.0 1.0 1.0 0.9162783896528695 
1.0 1.0 2.0 1.0 1.0 3.0 1.0 1.0 0.35676570948761854 
1.0 1.0 2.0 1.0 1.0 3.0 1.0 1.0 0.8484227068396114 
1.0 1.0 1.0 1.0 1.0 2.0 2.0 1.0 0.8501898699894798 
1.0 1.0 1.0 1.0 1.0 1.0 3.0 1.0 0.38170268403019514 
1.0 1.0 1.0 1.0 1.0 2.0 3.0 1.0 0.516701418249306 
1.0 1.0 1.0 1.0 1.0 3.0 2.0 1.0 0.701299896240338 
1.0 1.0 1.0 1.0 1.0 2.0 1.0 1.0 0.9155844090431263 
1.0 1.0 1.0 1.0 1.0 1.0 1.0 1.0 0.8009788838772005 
1.0 1.0 1.0 1.0 1.0 1.0 1.0 1.0 0.2641589460421675 
1.0 1.0 1.0 1.0 1.0 1.0 1.0 1.0 0.7434760224605983 
1.0 1.0 1.0 1.0 1.0 2.0 2.0 1.0 0.957091790530916 
1.0 1.0 1.0 1.0 1.0 4.0 2.0 1.0 0.4499930278250941 
1.0 1.0 1.0 1.0 1.0 3.0 1.0 1.0 0.952606754189661 
1.0 1.0 1.0 1.0 1.0 1.0 1.0 1.0 0.2313084584417171 
1.0 1.0 1.0 1.0 1.0 1.0 1.0 1.0 0.9501372668985726 
1.0 1.0 1.0 1.0 1.0 1.0 1.0 1.0 0.9214225376436334 
1.0 1.0 2.0 1.0 1.0 1.0 1.0 1.0 0.6735453769917114 
1.0 1.0 2.0 1.0 1.0 1.0 1.0 1.0 0.661856532454329 
1.0 1.0 1.0 1.0 1.0 1.0 1.0 1.0 0.28395480887681346 
1.0 1.0 1.0 1.0 1.0 1.0 1.0 1.0 0.07189089616438915 
1.0 1.0 1.0 1.0 1.0 2.0 1.0 1.0 0.5341155025955031 
1.0 1.0 2.0 1.0 1.0 2.0 1.0 1.0 0.6157157278353937 
1.0 1.0 3.0 1.0 1.0 1.0 1.0 1.0 0.21992787046863804 
1.0 1.0 2.0 1.0 1.0 1.0 1.0 1.0 0.059175770799060556 
1.0 1.0 2.0 1.0 1.0 1.0 1.0 2.0 0.5862375448694531 
1.0 1.0 3.0 1.0 1.0 1.0 1.0 2.0 0.2718544304940369 
1.0 1.0 2.0 1.0 1.0 1.0 1.0 1.0 0.16989899757880877 
1.0 1.0 3.0 1.0 1.0 1.0 1.0 1.0 0.33889787539483696 
1.0 1.0 3.0 1.0 1.0 1.0 1.0 1.0 0.3750075057605814 
1.0 1.0 1.0 1.0 1.0 1.0 1.0 1.0 0.9669458874434657 
1.0 1.0 1.0 1.0 1.0 1.0 1.0 1.0 0.28870146739088454 
1.0 1.0 1.0 1.0 1.0 2.0 1.0 1.0 0.2605761056006908 
1.0 1.0 1.0 1.0 1.0 2.0 1.0 1.0 0.4673098862420825 
1.0 1.0 1.0 1.0 1.0 1.0 1.0 1.0 0.23564814709459359 
1.0 1.0 1.0 1.0 1.0 1.0 1.0 1.0 0.9887120351140896 
1.0 1.0 1.0 1.0 1.0 1.0 1.0 1.0 0.02722668507300907 
1.0 1.0 1.0 1.0 1.0 2.0 1.0 1.0 0.9920470697235431 
1.0 1.0 1.0 1.0 1.0 4.0 1.0 1.0 0.35751013335108317 
1.0 1.0 1.0 1.0 1.0 5.0 1.0 1.0 0.3053795571986099 
1.0 1.0 1.0 1.0 1.0 3.0 1.0 1.0 0.16418412481635747 
1.0 1.0 1.0 1.0 1.0 1.0 1.0 1.0 0.9006266728170108 
1.0 1.0 1.0 1.0 1.0 1.0 1.0 1.0 0.9178317542835054 
1.0 1.0 1.0 1.0 1.0 1.0 1.0 1.0 0.9530748364092438 
1.0 1.0 1.0 1.0 1.0 1.0 1.0 1.0 0.9530204100475208 
1.0 1.0 1.0 1.0 1.0 1.0 1.0 1.0 0.027135736917046294 
1.0 1.0 1.0 1.0 1.0 1.0 1.0 1.0 0.12788156078628676 
1.0 1.0 1.0 1.0 1.0 1.0 1.0 1.0 0.3538876655443174 
1.0 1.0 1.0 1.0 1.0 1.0 1.0 1.0 0.7745533483638242 
1.0 1.0 2.0 1.0 1.0 1.0 1.0 1.0 0.41116069648041287 
1.0 1.0 3.0 1.0 1.0 1.0 1.0 1.0 0.0482731721801114 
1.0 1.0 2.0 1.0 1.0 1.0 1.0 1.0 0.31016043218421263 
1.0 1.0 4.0 1.0 1.0 1.0 1.0 1.0 0.3877634158266522 
1.0 1.0 5.0 1.0 1.0 1.0 1.0 1.0 0.6377235782167847 
1.0 1.0 2.0 1.0 1.0 1.0 1.0 1.0 0.5013448476822632 
1.0 1.0 2.0 1.0 1.0 1.0 1.0 1.0 0.6363721115594959 
1.0 1.0 2.0 1.0 1.0 1.0 1.0 1.0 0.8779262203804815 
1.0 1.0 3.0 1.0 1.0 1.0 1.0 1.0 0.5894521132563152 
1.0 1.0 3.0 1.0 1.0 1.0 1.0 1.0 0.7895148141213566 
1.0 1.0 1.0 1.0 1.0 1.0 1.0 1.0 0.7313835407423525 
1.0 1.0 2.0 1.0 1.0 1.0 1.0 1.0 0.22820968286717547 
1.0 1.0 2.0 1.0 1.0 1.0 1.0 1.0 0.031058640214196687 
1.0 1.0 1.0 1.0 1.0 1.0 1.0 1.0 0.3382360700663908 
1.0 1.0 1.0 1.0 1.0 1.0 1.0 1.0 0.9876035713920738 
1.0 1.0 1.0 1.0 1.0 2.0 1.0 1.0 0.06272815244926522 
1.0 1.0 1.0 1.0 2.0 3.0 1.0 1.0 0.6918254384491487 
1.0 1.0 1.0 1.0 2.0 4.0 1.0 1.0 0.43370544388122045 
1.0 1.0 1.0 1.0 1.0 3.0 1.0 1.0 0.08199064946743695 
1.0 1.0 1.0 1.0 1.0 1.0 1.0 1.0 0.7040326756918212 
1.0 1.0 1.0 1.0 1.0 1.0 1.0 1.0 0.6637067577135807 
1.0 1.0 1.0 1.0 1.0 1.0 1.0 1.0 0.17065675681197756 
1.0 1.0 1.0 1.0 1.0 1.0 1.0 1.0 0.4320706694859895 
1.0 1.0 1.0 1.0 1.0 1.0 1.0 1.0 0.15327305555461712 
1.0 1.0 1.0 1.0 1.0 1.0 1.0 1.0 0.05452466591726546 
1.0 1.0 1.0 1.0 1.0 1.0 1.0 1.0 0.671528325118554 
1.0 1.0 1.0 1.0 1.0 1.0 1.0 1.0 0.392486688150092 
1.0 1.0 1.0 1.0 1.0 1.0 1.0 1.0 0.8012124755458028 
1.0 1.0 1.0 1.0 1.0 1.0 1.0 1.0 0.019688650971146027 
1.0 1.0 1.0 1.0 1.0 1.0 1.0 1.0 0.10855418338163858 
1.0 1.0 3.0 1.0 1.0 1.0 1.0 1.0 0.447842205423965 
1.0 1.0 3.0 1.0 1.0 1.0 1.0 1.0 0.03657881655113038 
1.0 1.0 1.0 1.0 1.0 1.0 1.0 1.0 0.04511759004466043 
1.0 1.0 1.0 1.0 1.0 1.0 1.0 1.0 0.8468840590327308 
1.0 1.0 1.0 1.0 1.0 1.0 1.0 1.0 0.2966435678557804 
1.0 1.0 3.0 1.0 1.0 1.0 1.0 1.0 0.20588508128759542 
1.0 1.0 3.0 1.0 1.0 1.0 1.0 1.0 0.25371549238946267 
1.0 1.0 1.0 1.0 1.0 1.0 1.0 1.0 0.09795518316620733 
1.0 1.0 2.0 1.0 1.0 1.0 1.0 1.0 0.8846894402674087 
1.0 1.0 2.0 1.0 1.0 1.0 1.0 1.0 0.5905804190308008 
1.0 1.0 1.0 1.0 1.0 1.0 1.0 1.0 0.27741738876084276 
1.0 1.0 1.0 1.0 1.0 1.0 1.0 1.0 0.7537064749265768 
1.0 1.0 1.0 1.0 1.0 1.0 1.0 1.0 0.17742635842464816 
1.0 1.0 1.0 1.0 2.0 1.0 1.0 1.0 0.4829627972959274 
1.0 1.0 1.0 1.0 2.0 2.0 1.0 1.0 0.1451879484111882 
1.0 1.0 1.0 1.0 1.0 2.0 1.0 1.0 0.03775563213677435 
1.0 1.0 1.0 1.0 1.0 1.0 1.0 1.0 0.01024488909002097 
1.0 1.0 1.0 1.0 1.0 1.0 1.0 1.0 0.2584070680226168 
